FANG
Date,Open,High,Low,Close,Volume
20-Nov-2015,77.01,78.40,76.51,77.47,1009900
19-Nov-2015,80.42,81.00,76.05,77.06,1124500
18-Nov-2015,80.00,81.86,78.11,81.42,1429500
17-Nov-2015,80.00,80.99,78.10,79.61,842500
16-Nov-2015,77.27,79.79,76.45,79.66,1272800
13-Nov-2015,77.83,78.94,76.68,76.72,1073500
12-Nov-2015,78.49,80.07,77.64,78.09,1408100
11-Nov-2015,79.67,80.12,77.84,79.83,1225300
10-Nov-2015,79.21,79.95,78.27,79.60,740400
09-Nov-2015,78.01,79.99,77.49,79.62,1133500
06-Nov-2015,76.50,78.96,76.36,77.79,1005400
05-Nov-2015,76.00,79.00,74.65,77.09,981000
04-Nov-2015,79.00,79.00,75.00,76.08,1374600
03-Nov-2015,73.81,79.32,73.34,77.26,1873400
02-Nov-2015,73.83,74.94,73.29,73.41,1293300
30-Oct-2015,76.08,76.13,73.13,73.84,1129200
29-Oct-2015,74.92,76.61,74.64,75.40,1186800
28-Oct-2015,72.90,76.36,71.75,75.50,1395019
27-Oct-2015,71.90,72.83,71.00,72.56,961800
26-Oct-2015,71.97,73.61,71.27,72.88,987600
23-Oct-2015,72.01,72.81,70.56,71.92,1203400
22-Oct-2015,71.81,73.00,71.10,72.35,802000
21-Oct-2015,73.11,73.11,71.06,71.27,602900
20-Oct-2015,74.03,75.10,72.23,73.36,831400
19-Oct-2015,76.12,76.43,71.85,73.31,1316962
16-Oct-2015,75.93,77.98,75.80,77.18,1115300
15-Oct-2015,75.94,76.74,73.96,75.68,912200
14-Oct-2015,76.42,76.61,74.87,76.43,706300
13-Oct-2015,76.52,77.96,75.81,76.17,652700
12-Oct-2015,76.45,77.92,75.09,76.91,1086100
09-Oct-2015,76.55,77.92,74.74,76.95,1708100
08-Oct-2015,73.23,76.74,72.42,76.22,1060000
07-Oct-2015,73.69,76.21,71.68,73.65,1645700
06-Oct-2015,73.00,74.67,70.61,72.58,1916800
05-Oct-2015,69.78,72.34,69.78,72.21,1242800
02-Oct-2015,65.11,69.52,63.36,69.36,1442900
01-Oct-2015,66.09,67.60,63.77,65.56,1447400
30-Sep-2015,63.86,65.31,62.85,64.60,769500
29-Sep-2015,62.73,64.21,62.11,63.00,795300
28-Sep-2015,65.11,65.43,62.24,62.63,984300
25-Sep-2015,67.70,67.72,65.24,66.01,926300
24-Sep-2015,65.90,67.35,64.21,66.67,729700
23-Sep-2015,69.21,70.21,66.40,66.49,931900
22-Sep-2015,68.39,71.30,67.44,69.18,1373300
21-Sep-2015,69.66,70.76,68.56,69.42,1131700
18-Sep-2015,68.02,69.38,67.72,69.00,1591900
17-Sep-2015,70.18,71.64,69.44,69.81,1012200
16-Sep-2015,67.33,70.72,67.29,69.89,1397200
15-Sep-2015,66.21,67.42,66.00,66.70,645200
14-Sep-2015,66.20,66.44,64.58,65.72,704400
11-Sep-2015,65.89,66.31,63.44,66.31,1113500
10-Sep-2015,65.40,67.64,63.82,66.88,1057100
09-Sep-2015,67.98,68.40,65.00,65.05,881600
08-Sep-2015,65.95,67.88,65.18,67.31,818600
07-Sep-2015,66.00,66.00,66.00,66.00,1104200
04-Sep-2015,65.99,67.17,65.46,66.00,701700
03-Sep-2015,68.05,69.00,66.80,66.98,944200
02-Sep-2015,65.58,67.49,63.33,67.45,1384000
01-Sep-2015,66.39,67.89,63.69,64.52,1462600
31-Aug-2015,65.93,69.15,65.31,68.29,1974300
28-Aug-2015,65.02,69.30,64.55,66.56,1609500
27-Aug-2015,63.51,67.66,62.58,65.70,1676500
26-Aug-2015,62.48,62.58,60.28,62.09,1104600
25-Aug-2015,65.71,65.78,60.79,60.82,1345500
24-Aug-2015,64.84,65.79,60.33,61.75,2022700
21-Aug-2015,69.31,70.22,66.33,66.55,1998500
20-Aug-2015,72.00,72.28,70.15,70.23,1056300
19-Aug-2015,72.75,73.13,70.05,71.84,1059800
18-Aug-2015,72.68,73.48,71.40,73.38,766100
17-Aug-2015,73.27,73.63,71.60,72.21,987100
14-Aug-2015,72.39,74.19,71.60,73.90,1502700
13-Aug-2015,70.71,72.06,70.02,71.67,2579800
12-Aug-2015,70.55,73.21,69.96,72.48,1039100
11-Aug-2015,69.11,71.11,68.00,70.87,859100
10-Aug-2015,69.09,70.96,68.81,70.19,1427000
07-Aug-2015,70.06,71.73,68.43,68.84,1149900
06-Aug-2015,68.40,70.96,65.89,70.48,1967800
05-Aug-2015,68.99,69.99,67.51,68.37,1710500
04-Aug-2015,67.44,69.35,67.19,67.99,1543700
03-Aug-2015,66.80,69.44,66.41,66.82,1302800
31-Jul-2015,67.24,68.57,66.51,67.30,1276100
30-Jul-2015,67.36,68.66,65.94,67.68,1543200
29-Jul-2015,64.63,67.91,63.99,67.65,1386200
28-Jul-2015,63.50,65.60,62.58,64.99,726500
27-Jul-2015,63.05,64.25,62.23,63.30,1129000
24-Jul-2015,66.39,66.47,63.12,63.90,1810000
23-Jul-2015,65.61,66.71,64.04,66.29,1813800
22-Jul-2015,65.34,66.44,64.39,66.24,1337200
21-Jul-2015,65.15,66.85,64.66,65.97,1233200
20-Jul-2015,65.01,66.21,64.18,64.83,1331600
17-Jul-2015,69.11,69.11,65.85,66.27,1992900
16-Jul-2015,70.87,71.75,68.46,69.19,1006100
15-Jul-2015,72.71,72.95,69.98,70.69,962900
14-Jul-2015,71.35,74.22,71.35,73.34,1052100
13-Jul-2015,71.19,71.46,70.03,71.31,781400
10-Jul-2015,71.30,71.69,69.57,70.89,973500
09-Jul-2015,70.23,71.91,70.10,70.86,1339200
08-Jul-2015,70.33,71.62,68.27,69.29,1022600
07-Jul-2015,70.06,71.17,67.56,71.06,1859300
06-Jul-2015,71.91,73.33,69.90,70.21,1371900
03-Jul-2015,73.13,73.13,73.13,73.13,1895850
02-Jul-2015,72.82,73.24,72.22,73.13,833200
01-Jul-2015,76.41,77.36,72.59,72.82,1441700
30-Jun-2015,75.95,76.31,73.36,75.38,1209300
29-Jun-2015,74.26,75.94,73.73,75.16,1228900
26-Jun-2015,75.48,76.32,73.38,75.25,7678900
25-Jun-2015,77.87,78.80,76.16,76.39,741900
24-Jun-2015,80.00,80.68,77.77,77.96,749900
23-Jun-2015,78.73,80.12,77.93,79.89,848700
22-Jun-2015,77.38,79.40,76.17,78.81,974200
19-Jun-2015,77.87,78.64,76.49,76.62,1409000
18-Jun-2015,80.12,80.64,78.48,78.57,656000
17-Jun-2015,81.45,82.49,78.53,79.39,702100
16-Jun-2015,79.71,81.17,79.08,80.75,595100
15-Jun-2015,80.03,80.22,79.07,79.89,856400
12-Jun-2015,80.80,80.80,79.88,80.65,433900
11-Jun-2015,81.47,81.84,80.81,81.04,442900
10-Jun-2015,81.09,81.98,80.26,81.43,683200
09-Jun-2015,79.31,80.92,79.31,79.99,736700
08-Jun-2015,78.29,80.43,77.68,78.83,1015300
05-Jun-2015,76.26,79.50,75.99,78.26,989400
04-Jun-2015,76.99,77.08,75.58,76.46,740000
03-Jun-2015,78.95,79.10,77.55,77.66,822200
02-Jun-2015,79.29,80.30,78.63,79.03,637900
01-Jun-2015,78.52,79.02,77.26,78.96,686000
29-May-2015,77.59,78.93,77.39,77.81,1206700
28-May-2015,78.75,78.75,76.12,77.53,1144400
27-May-2015,79.25,79.80,78.27,79.18,776900
26-May-2015,80.15,81.15,78.88,79.23,934300
25-May-2015,81.38,81.38,81.38,81.38,931530
22-May-2015,79.88,81.70,79.35,81.38,802400
21-May-2015,79.00,81.37,78.17,80.62,880000
20-May-2015,76.73,78.69,76.13,78.53,1065000
19-May-2015,78.65,79.26,76.40,77.47,993100
18-May-2015,78.79,79.84,78.22,79.23,826500
15-May-2015,77.88,79.24,75.75,78.93,1088100
14-May-2015,79.43,80.06,77.11,77.20,1278100
13-May-2015,80.22,80.58,78.65,79.42,827800
12-May-2015,78.86,80.66,78.22,79.59,731900
11-May-2015,77.01,78.83,76.50,78.33,1735400
08-May-2015,76.95,77.98,74.25,77.01,4786900
07-May-2015,79.50,79.50,74.37,75.34,2329400
06-May-2015,80.32,80.71,78.12,78.67,911500
05-May-2015,83.71,84.76,79.43,79.76,1273100
04-May-2015,81.20,83.07,81.01,82.94,1005800
01-May-2015,82.62,83.15,81.02,81.88,615600
30-Apr-2015,82.95,84.09,81.12,82.57,841100
29-Apr-2015,79.82,83.29,79.82,82.96,988500
28-Apr-2015,79.97,80.78,79.42,80.23,708800
27-Apr-2015,80.16,80.99,79.06,79.73,756600
24-Apr-2015,81.99,82.30,79.45,79.83,862800
23-Apr-2015,82.06,83.33,81.76,81.96,893300
22-Apr-2015,82.93,83.47,81.44,81.98,880300
21-Apr-2015,84.07,84.07,82.00,82.81,774600
20-Apr-2015,82.91,85.82,82.81,84.07,1021900
17-Apr-2015,82.67,83.60,81.68,82.57,798400
16-Apr-2015,82.00,84.10,81.50,83.32,1177700
15-Apr-2015,82.29,83.00,80.73,82.41,1431000
14-Apr-2015,80.59,81.24,79.98,80.39,1004300
13-Apr-2015,81.71,81.88,79.30,79.86,851000
10-Apr-2015,81.39,81.66,80.22,80.75,899600
09-Apr-2015,78.83,80.84,78.11,80.72,1196700
08-Apr-2015,80.38,80.89,77.80,78.06,887100
07-Apr-2015,79.10,81.45,79.10,79.96,994200
06-Apr-2015,80.46,80.64,78.77,79.47,942300
03-Apr-2015,78.88,78.88,78.88,78.88,996170
02-Apr-2015,76.82,79.70,76.67,78.88,891600
01-Apr-2015,77.60,79.25,76.47,77.39,1137400
31-Mar-2015,75.88,77.44,75.18,76.84,992900
30-Mar-2015,75.21,77.82,75.21,77.63,1080700
27-Mar-2015,75.29,76.58,74.74,75.17,939200
26-Mar-2015,75.95,78.75,75.95,76.85,1887200
25-Mar-2015,75.17,75.68,73.87,74.92,867100
24-Mar-2015,71.46,73.93,71.36,73.77,931800
23-Mar-2015,72.41,73.50,71.53,71.58,1422900
20-Mar-2015,71.98,72.54,71.10,72.34,1596500
19-Mar-2015,71.23,72.26,70.38,71.49,669200
18-Mar-2015,69.81,72.80,69.24,72.65,1239500
17-Mar-2015,70.39,71.50,69.52,70.47,856100
16-Mar-2015,68.99,70.00,67.79,70.00,662200
13-Mar-2015,67.52,69.81,67.52,69.68,1105100
12-Mar-2015,70.89,71.49,69.88,69.94,738300
11-Mar-2015,68.32,70.44,68.00,70.05,817700
10-Mar-2015,68.63,70.20,68.08,68.09,859600
09-Mar-2015,69.79,71.40,69.40,69.61,983700
06-Mar-2015,70.18,71.35,69.57,69.86,741600
05-Mar-2015,71.40,72.25,70.72,71.18,1059300
04-Mar-2015,72.89,73.57,71.01,71.81,1532500
03-Mar-2015,70.73,72.00,70.48,71.69,1694800
02-Mar-2015,71.00,72.27,69.74,70.98,1051300
27-Feb-2015,73.42,73.74,70.85,71.21,931300
26-Feb-2015,74.38,74.58,72.33,73.17,857000
25-Feb-2015,74.81,76.06,73.55,74.96,1075600
24-Feb-2015,75.08,75.34,72.88,74.08,755200
23-Feb-2015,73.51,75.20,72.36,74.36,1056700
20-Feb-2015,76.03,76.81,74.37,75.09,1241700
19-Feb-2015,72.27,76.93,71.25,75.86,1323400
18-Feb-2015,71.35,75.78,71.27,73.80,1725300
17-Feb-2015,72.69,74.19,72.26,73.57,1456900
16-Feb-2015,73.46,73.46,73.46,73.46,1320820
13-Feb-2015,74.50,75.28,72.61,73.46,1238800
12-Feb-2015,69.87,73.40,69.87,72.97,1622200
11-Feb-2015,67.51,68.88,65.55,68.78,1473600
10-Feb-2015,70.42,70.45,67.57,69.40,1084900
09-Feb-2015,70.95,72.12,70.08,70.13,984700
06-Feb-2015,69.81,71.06,68.97,70.83,1270600
05-Feb-2015,68.46,69.45,67.28,69.06,1056700
04-Feb-2015,68.66,69.56,66.60,67.13,1020100
03-Feb-2015,71.33,72.81,68.75,69.68,1677700
02-Feb-2015,69.73,72.00,68.00,69.74,1456200
30-Jan-2015,67.57,70.66,66.74,68.99,1544700
29-Jan-2015,66.68,68.66,64.21,68.64,1137100
28-Jan-2015,68.10,68.55,65.34,66.08,1226300
27-Jan-2015,67.68,70.83,67.53,68.96,1336500
26-Jan-2015,67.01,68.97,66.16,68.51,1585200
23-Jan-2015,67.56,69.17,66.28,67.00,1036100
22-Jan-2015,68.94,69.51,67.15,67.98,1612100
21-Jan-2015,61.97,68.90,61.52,68.54,2503400
20-Jan-2015,64.35,65.79,61.91,62.81,1837700
19-Jan-2015,65.63,65.63,65.63,65.63,1780240
16-Jan-2015,64.20,66.72,64.00,65.63,2163000
15-Jan-2015,66.45,67.30,63.28,63.45,2094100
14-Jan-2015,61.49,66.00,61.30,65.30,2873500
13-Jan-2015,60.04,61.59,59.42,61.24,928900
12-Jan-2015,60.67,61.31,57.79,59.47,1168400
09-Jan-2015,61.26,62.39,60.08,61.84,858100
08-Jan-2015,58.74,61.33,57.71,61.08,1219300
07-Jan-2015,58.40,60.03,57.18,58.25,1198000
06-Jan-2015,56.72,58.19,55.53,57.37,1394500
05-Jan-2015,59.20,59.59,55.87,57.28,1421400
02-Jan-2015,60.05,61.51,58.74,59.93,1023100
01-Jan-2015,59.78,59.78,59.78,59.78,963190
31-Dec-2014,58.85,61.07,57.61,59.78,1068700
30-Dec-2014,59.72,61.52,58.82,59.87,822900
29-Dec-2014,60.66,62.31,59.08,60.38,672500
26-Dec-2014,61.75,61.75,59.56,60.41,427100
25-Dec-2014,60.18,60.18,60.18,60.18,970089
24-Dec-2014,61.17,61.29,59.00,60.18,384400
23-Dec-2014,61.25,62.23,60.41,61.69,841500
22-Dec-2014,61.99,62.48,59.32,61.07,935100
19-Dec-2014,59.90,63.03,58.70,62.56,1599900
18-Dec-2014,61.60,62.39,57.82,59.58,1985600
17-Dec-2014,55.94,59.95,55.74,58.97,4351200
16-Dec-2014,52.08,58.96,51.95,55.84,2552400
15-Dec-2014,52.86,54.33,51.69,53.40,1414500
12-Dec-2014,51.79,54.92,51.79,52.47,2186300
11-Dec-2014,53.02,55.72,52.94,53.11,1017000
10-Dec-2014,55.85,56.51,53.00,53.65,1327600
09-Dec-2014,54.22,57.66,53.71,56.68,1360900
08-Dec-2014,57.31,57.31,53.93,54.80,1580700
05-Dec-2014,58.39,59.69,57.48,58.79,1507000
04-Dec-2014,58.25,60.20,57.41,58.48,1272500
03-Dec-2014,58.45,63.11,56.97,59.86,1625700
02-Dec-2014,55.36,58.71,54.44,57.84,1981400
01-Dec-2014,56.34,57.45,53.87,55.81,1515900
28-Nov-2014,59.24,61.86,54.48,56.40,2111700
27-Nov-2014,64.88,64.88,64.88,64.88,1426050
26-Nov-2014,66.71,66.81,64.23,64.88,961700
25-Nov-2014,68.12,69.40,66.53,67.03,1169500
24-Nov-2014,69.16,69.83,67.00,68.09,1300100
21-Nov-2014,68.50,71.30,68.26,69.74,1509100
20-Nov-2014,65.14,67.33,65.09,67.21,812900
19-Nov-2014,64.59,65.44,62.84,65.13,1008700
18-Nov-2014,63.61,65.43,62.40,64.37,1263900
17-Nov-2014,66.90,67.56,62.98,63.72,1575000
14-Nov-2014,65.11,67.91,64.60,67.79,1043900
13-Nov-2014,64.49,65.60,63.20,64.76,1750100
12-Nov-2014,64.78,65.94,64.25,64.81,3320200
11-Nov-2014,66.62,68.75,65.91,67.50,1143200
10-Nov-2014,70.14,71.39,66.31,66.60,1361800
07-Nov-2014,66.09,69.54,66.09,69.49,1403800
06-Nov-2014,64.46,66.01,63.70,65.82,1091800
05-Nov-2014,66.19,67.09,63.03,65.01,1402500
04-Nov-2014,65.52,66.41,62.68,63.64,1948200
03-Nov-2014,69.89,71.54,66.52,67.39,1337700
31-Oct-2014,67.96,68.61,64.07,68.44,1746100
30-Oct-2014,68.09,68.96,66.42,67.68,966600
29-Oct-2014,68.25,70.00,67.36,69.08,1219000
28-Oct-2014,64.65,67.83,63.72,67.78,756900
27-Oct-2014,64.61,65.00,60.51,64.13,1422000
24-Oct-2014,66.83,67.57,65.07,67.24,774100
23-Oct-2014,64.27,68.26,63.81,67.22,1535300
22-Oct-2014,67.95,69.65,64.10,64.20,1461200
21-Oct-2014,65.39,67.56,64.79,67.49,1882400
20-Oct-2014,63.00,65.80,62.03,64.28,759500
17-Oct-2014,64.60,68.44,61.86,63.35,1731600
16-Oct-2014,59.14,64.04,57.40,63.12,2024000
15-Oct-2014,57.09,60.48,56.34,59.98,1971200
14-Oct-2014,59.00,61.76,56.90,58.44,3573000
13-Oct-2014,63.25,65.54,58.41,59.21,3605700
10-Oct-2014,68.80,68.85,63.14,64.75,2625500
09-Oct-2014,72.43,72.43,68.56,69.27,1436100
08-Oct-2014,70.95,73.41,68.58,73.12,1503900
07-Oct-2014,73.67,74.53,71.34,71.45,1183800
06-Oct-2014,73.13,74.58,71.94,73.97,1040600
03-Oct-2014,75.40,75.58,72.51,73.00,873800
02-Oct-2014,73.45,76.94,71.72,75.28,1704600
01-Oct-2014,75.30,76.70,73.29,74.41,1983500
30-Sep-2014,76.95,77.30,73.38,74.78,1609600
29-Sep-2014,74.97,76.95,74.26,76.76,2375700
26-Sep-2014,72.57,73.97,71.87,73.64,747600
25-Sep-2014,73.93,74.13,71.88,72.60,1334500
24-Sep-2014,73.06,74.47,70.66,74.30,1752800
23-Sep-2014,73.31,74.93,72.64,72.84,913600
22-Sep-2014,75.51,75.55,72.93,73.46,1111400
19-Sep-2014,76.40,77.00,74.74,75.55,1628600
18-Sep-2014,75.91,77.48,75.25,76.18,2357200
17-Sep-2014,77.90,79.30,77.01,77.70,867500
16-Sep-2014,76.35,79.78,75.75,78.22,835200
15-Sep-2014,76.28,77.27,75.20,76.24,712200
12-Sep-2014,77.41,77.87,75.83,76.56,546200
11-Sep-2014,75.72,78.16,75.65,77.87,803200
10-Sep-2014,76.01,77.71,74.61,76.80,1018900
09-Sep-2014,77.49,79.12,75.57,76.46,1162700
08-Sep-2014,78.81,78.82,76.25,77.42,1328000
05-Sep-2014,78.76,79.82,77.74,79.25,1125700
04-Sep-2014,83.97,84.37,78.16,79.50,2162800
03-Sep-2014,83.99,84.54,82.31,83.84,969400
02-Sep-2014,86.49,86.72,82.72,83.23,1145200
01-Sep-2014,86.35,86.35,86.35,86.35,1139900
29-Aug-2014,83.51,86.82,83.51,86.35,1061900
28-Aug-2014,82.02,83.43,81.92,83.20,638000
27-Aug-2014,84.26,84.26,81.78,82.60,734300
26-Aug-2014,81.76,85.50,81.54,83.88,1397900
25-Aug-2014,80.33,81.89,79.68,81.40,835800
22-Aug-2014,80.80,80.80,78.67,79.98,691800
21-Aug-2014,80.36,81.14,79.63,80.74,850100
20-Aug-2014,79.60,80.55,78.75,80.24,658400
19-Aug-2014,79.83,81.82,79.61,80.00,1105900
18-Aug-2014,78.76,80.03,77.41,79.78,1350800
15-Aug-2014,77.22,78.62,76.40,78.45,912300
14-Aug-2014,77.10,77.81,74.65,75.86,1125300
13-Aug-2014,76.16,77.96,76.16,77.18,605800
12-Aug-2014,76.98,77.47,75.66,76.04,576700
11-Aug-2014,78.25,78.26,76.61,77.49,1070800
08-Aug-2014,76.80,78.33,76.54,77.45,960600
07-Aug-2014,78.79,79.75,74.87,76.58,1941700
06-Aug-2014,79.92,81.26,78.02,78.52,1155600
05-Aug-2014,82.01,82.74,78.17,78.93,1512300
04-Aug-2014,80.51,82.23,79.64,81.61,974400
01-Aug-2014,82.33,82.35,77.98,80.02,2387800
31-Jul-2014,84.01,84.10,81.02,82.23,1571400
30-Jul-2014,86.00,87.19,84.28,84.75,664100
29-Jul-2014,84.59,86.68,83.92,85.59,782600
28-Jul-2014,85.90,86.10,83.59,84.80,569500
25-Jul-2014,86.96,87.38,85.23,85.70,984100
24-Jul-2014,88.12,89.08,86.86,88.01,2064100
23-Jul-2014,87.00,87.89,86.25,87.85,1308200
22-Jul-2014,87.20,87.69,86.42,86.56,4448200
21-Jul-2014,86.02,89.87,86.00,87.99,1346900
18-Jul-2014,84.57,87.34,84.57,86.66,1238700
17-Jul-2014,85.82,88.20,84.00,84.71,850200
16-Jul-2014,83.93,85.99,83.53,85.49,856600
15-Jul-2014,86.11,86.80,82.71,83.36,1110100
14-Jul-2014,84.79,87.93,84.61,86.59,840300
11-Jul-2014,85.70,86.50,83.34,84.21,890800
10-Jul-2014,84.99,86.55,82.82,85.72,1005000
09-Jul-2014,86.85,87.37,85.47,87.29,685600
08-Jul-2014,86.72,87.11,84.16,85.97,1506300
07-Jul-2014,88.80,89.73,86.70,87.31,924800
04-Jul-2014,88.81,88.81,88.81,88.81,1179180
03-Jul-2014,88.76,89.16,87.41,88.81,596800
02-Jul-2014,89.50,90.42,87.61,88.29,796200
01-Jul-2014,90.00,90.48,88.19,89.77,1039200
30-Jun-2014,89.13,89.84,88.45,88.80,1145800
27-Jun-2014,89.04,89.87,88.50,88.69,3201300
26-Jun-2014,90.45,91.00,87.70,89.29,939100
25-Jun-2014,88.00,91.36,87.80,90.56,1917100
24-Jun-2014,90.20,90.54,87.15,87.69,2265600
23-Jun-2014,90.38,91.51,89.12,91.41,1253800
20-Jun-2014,89.47,90.69,88.30,89.79,1712400
19-Jun-2014,90.69,90.69,88.30,89.05,1081200
18-Jun-2014,91.49,93.33,88.88,90.34,2892100
17-Jun-2014,90.00,92.24,88.88,90.26,1163800
16-Jun-2014,88.19,90.30,87.18,89.90,1385400
13-Jun-2014,85.33,88.39,84.50,87.95,1622400
12-Jun-2014,84.70,85.90,83.50,84.69,1162300
11-Jun-2014,81.66,84.47,81.12,83.84,915800
10-Jun-2014,83.00,83.66,81.37,82.33,601900
09-Jun-2014,81.43,82.25,80.06,82.00,748400
06-Jun-2014,79.94,81.51,79.38,81.09,953500
05-Jun-2014,78.64,79.87,77.53,79.24,821100
04-Jun-2014,78.36,79.76,77.01,78.54,845700
03-Jun-2014,76.08,78.49,75.58,78.30,943300
02-Jun-2014,76.99,78.47,75.35,76.11,1250300
30-May-2014,75.54,75.95,74.30,75.48,1023500
29-May-2014,71.56,75.93,70.86,75.02,1460600
28-May-2014,71.45,71.93,70.26,71.39,684900
27-May-2014,72.85,73.15,70.36,71.47,891500
26-May-2014,72.78,72.78,72.78,72.78,862880
23-May-2014,72.84,74.32,72.61,72.78,664100
22-May-2014,72.80,74.20,72.25,73.03,604100
21-May-2014,70.78,73.20,70.78,72.71,935100
20-May-2014,71.23,71.66,69.48,70.16,548800
19-May-2014,70.25,71.80,70.20,71.15,565900
16-May-2014,69.35,70.73,67.64,70.67,736400
15-May-2014,71.71,72.05,67.72,69.43,1684700
14-May-2014,73.77,74.46,71.76,72.02,813000
13-May-2014,73.23,74.43,72.25,73.73,955600
12-May-2014,71.68,74.75,71.01,72.72,1706400
09-May-2014,70.99,73.08,70.11,71.24,904400
08-May-2014,72.59,75.00,70.78,71.76,2311400
07-May-2014,73.72,76.50,71.60,75.72,1760400
06-May-2014,73.39,73.99,72.67,73.25,890800
05-May-2014,73.25,75.04,72.55,73.63,629800
02-May-2014,71.95,74.29,71.41,73.77,886500
01-May-2014,72.04,73.54,70.31,71.27,686200
30-Apr-2014,72.01,72.37,70.20,71.94,780200
29-Apr-2014,71.52,73.01,71.08,72.22,836800
28-Apr-2014,71.50,72.56,69.32,70.96,647700
25-Apr-2014,75.28,75.28,71.13,71.44,1041800
24-Apr-2014,73.49,75.89,73.20,75.42,857200
23-Apr-2014,74.20,75.18,73.37,73.89,640900
22-Apr-2014,75.43,76.72,73.96,74.26,952200
21-Apr-2014,74.00,74.65,71.86,74.52,982400
18-Apr-2014,73.34,73.34,73.34,73.34,1112050
17-Apr-2014,70.70,74.14,70.54,73.34,910900
16-Apr-2014,70.16,71.56,69.24,70.49,876500
15-Apr-2014,68.50,70.47,66.82,69.08,1323500
14-Apr-2014,68.44,70.99,68.00,70.12,1028000
11-Apr-2014,65.79,70.72,64.50,67.60,2507100
10-Apr-2014,68.00,68.34,64.43,65.63,823400
09-Apr-2014,67.37,68.87,66.62,68.06,722000
08-Apr-2014,65.17,67.06,64.40,66.60,873400
07-Apr-2014,66.00,66.79,64.05,65.17,1101700
04-Apr-2014,69.68,69.68,66.37,67.25,657400
03-Apr-2014,69.68,69.68,67.01,67.91,903000
02-Apr-2014,66.48,69.40,66.13,68.97,921300
01-Apr-2014,67.30,68.65,65.00,66.41,1014100
31-Mar-2014,70.36,70.99,67.00,67.31,1576600
28-Mar-2014,68.34,69.90,67.56,69.70,1465600
27-Mar-2014,64.87,68.90,64.87,68.04,910600
26-Mar-2014,64.91,66.08,63.96,64.89,746600
25-Mar-2014,64.27,64.95,63.02,64.29,498100
24-Mar-2014,64.51,64.90,62.19,64.14,686400
21-Mar-2014,65.26,66.11,64.03,64.22,851200
20-Mar-2014,64.27,66.13,63.04,65.19,841100
19-Mar-2014,65.56,65.97,64.07,64.40,683000
18-Mar-2014,64.02,65.75,63.96,65.68,597400
17-Mar-2014,64.13,64.96,63.45,63.93,580300
14-Mar-2014,63.43,64.33,63.02,63.58,508700
13-Mar-2014,64.35,64.46,62.63,63.36,800100
12-Mar-2014,61.61,63.52,60.76,63.16,811100
11-Mar-2014,62.92,64.44,60.41,62.01,1085000
10-Mar-2014,63.83,63.96,61.01,63.03,852300
07-Mar-2014,63.23,64.13,62.52,63.88,591000
06-Mar-2014,63.95,64.70,62.22,62.76,854300
05-Mar-2014,65.52,65.93,63.07,64.04,685700
04-Mar-2014,65.03,66.14,64.76,65.48,673000
03-Mar-2014,63.89,65.38,63.51,64.41,709400
28-Feb-2014,64.01,64.71,63.68,64.33,1029700
27-Feb-2014,64.44,65.35,63.62,63.89,742800
26-Feb-2014,63.90,65.12,61.91,64.54,884300
25-Feb-2014,65.58,65.58,62.83,63.74,1470100
24-Feb-2014,64.34,68.00,64.31,64.80,1942100
21-Feb-2014,63.98,64.42,62.93,63.99,3257600
20-Feb-2014,60.90,62.89,60.23,62.67,1074500
19-Feb-2014,61.14,62.54,60.40,61.04,765100
18-Feb-2014,59.58,61.87,58.44,61.02,1333500
17-Feb-2014,59.65,59.65,59.65,59.65,1251990
14-Feb-2014,58.72,59.83,58.00,59.65,877200
13-Feb-2014,57.52,59.32,56.66,58.89,842900
12-Feb-2014,58.97,59.84,57.80,57.97,795300
11-Feb-2014,57.45,59.22,56.07,58.91,717100
10-Feb-2014,57.23,58.65,56.00,57.52,914600
07-Feb-2014,57.20,59.00,55.01,56.72,1298600
06-Feb-2014,53.15,55.41,53.10,53.77,1109300
05-Feb-2014,50.74,53.05,50.40,52.96,723300
04-Feb-2014,50.32,52.62,50.32,51.64,429400
03-Feb-2014,52.44,52.56,49.54,50.08,1003600
31-Jan-2014,50.67,53.32,50.10,51.98,827000
30-Jan-2014,49.14,51.55,49.14,51.37,1053200
29-Jan-2014,49.09,50.36,48.30,48.59,764800
28-Jan-2014,47.73,50.45,47.73,49.80,591800
27-Jan-2014,48.87,49.80,47.26,47.54,596900
24-Jan-2014,50.40,50.40,48.01,48.87,837800
23-Jan-2014,51.11,51.37,49.52,50.44,978600
22-Jan-2014,49.20,51.63,49.00,51.22,773200
21-Jan-2014,48.61,49.58,47.69,49.08,717500
20-Jan-2014,48.51,48.51,48.51,48.51,780620
17-Jan-2014,48.90,49.44,47.63,48.51,747300
16-Jan-2014,48.02,48.88,47.25,48.61,503600
15-Jan-2014,47.27,48.76,47.21,48.02,925700
14-Jan-2014,44.55,47.12,44.02,47.01,908200
13-Jan-2014,46.03,47.14,44.05,44.43,817400
10-Jan-2014,45.43,47.20,45.25,46.97,1066500
09-Jan-2014,47.66,48.07,44.85,45.52,1103300
08-Jan-2014,48.39,48.73,46.91,47.61,534800
07-Jan-2014,48.80,50.04,47.92,48.39,727500
06-Jan-2014,49.00,49.25,47.04,48.57,1433900
03-Jan-2014,51.23,52.30,48.01,49.18,1258200
02-Jan-2014,52.63,53.58,49.55,51.16,714300
01-Jan-2014,52.88,52.88,52.88,52.88,704350
31-Dec-2013,51.85,53.75,51.56,52.88,611000
30-Dec-2013,53.20,53.80,51.72,51.93,598300
27-Dec-2013,52.80,53.83,52.04,53.34,377200
26-Dec-2013,52.16,53.17,51.60,52.73,488200
25-Dec-2013,52.02,52.02,52.02,52.02,722745
24-Dec-2013,52.02,52.38,51.67,52.02,300100
23-Dec-2013,50.52,52.29,50.11,52.10,877200
20-Dec-2013,49.99,51.28,49.49,50.79,1472300
19-Dec-2013,46.86,49.90,45.82,49.80,1047800
18-Dec-2013,46.05,47.92,45.38,46.34,751000
17-Dec-2013,45.22,46.63,44.27,46.12,588300
16-Dec-2013,45.16,46.19,44.66,45.49,499600
13-Dec-2013,45.13,45.44,43.47,44.73,672000
12-Dec-2013,45.42,46.37,44.78,44.96,386600
11-Dec-2013,45.93,46.21,45.00,45.11,743200
10-Dec-2013,45.24,47.49,45.15,46.00,752900
09-Dec-2013,46.29,46.81,44.21,45.07,1389200
06-Dec-2013,50.53,50.81,45.83,46.18,1472800
05-Dec-2013,50.29,51.22,48.76,49.20,663500
04-Dec-2013,50.00,51.33,49.55,50.45,561400
03-Dec-2013,50.45,52.17,49.40,50.23,929200
02-Dec-2013,49.92,51.11,49.05,50.37,527000
29-Nov-2013,49.63,50.56,48.64,49.74,356600
28-Nov-2013,50.06,50.06,50.06,50.06,601400
27-Nov-2013,51.45,52.08,49.32,50.06,639300
26-Nov-2013,51.00,52.52,50.76,51.61,572600
25-Nov-2013,51.54,51.81,48.92,50.88,599600
22-Nov-2013,51.53,52.65,50.89,51.53,478300
21-Nov-2013,49.28,52.27,48.98,51.74,686500
20-Nov-2013,49.31,50.41,48.42,48.76,509500
19-Nov-2013,50.38,50.70,48.50,48.82,910300
18-Nov-2013,53.66,53.76,49.39,50.21,883500
15-Nov-2013,53.25,53.62,52.64,53.53,245100
14-Nov-2013,52.83,53.77,51.15,53.12,492000
13-Nov-2013,52.54,53.70,52.09,53.15,1443500
12-Nov-2013,53.05,53.42,51.76,52.50,451700
11-Nov-2013,53.70,53.89,53.09,53.29,572500
08-Nov-2013,53.91,54.47,53.07,53.47,1044500
07-Nov-2013,55.01,56.00,50.50,54.00,4113200
06-Nov-2013,55.01,55.89,52.32,53.46,1018000
05-Nov-2013,58.53,58.71,53.60,55.14,1729900
04-Nov-2013,50.92,53.48,49.88,53.16,1067700
01-Nov-2013,51.42,51.95,48.19,50.64,910200
31-Oct-2013,53.17,53.50,49.51,51.65,1503700
30-Oct-2013,54.00,54.67,53.25,53.71,733700
29-Oct-2013,54.20,54.79,52.94,54.07,488200
28-Oct-2013,53.92,54.81,52.76,53.52,505400
25-Oct-2013,54.73,56.16,53.01,53.32,771900
24-Oct-2013,49.44,54.06,49.12,54.00,1302400
23-Oct-2013,50.05,50.06,46.28,49.10,1767400
22-Oct-2013,53.37,53.96,50.17,50.32,643400
21-Oct-2013,51.79,54.17,51.05,52.75,863700
18-Oct-2013,50.64,52.39,50.25,52.18,800100
17-Oct-2013,49.45,50.38,48.55,50.18,460600
16-Oct-2013,47.18,50.47,47.18,49.52,795100
15-Oct-2013,46.47,48.32,45.47,46.85,619300
14-Oct-2013,44.50,46.65,43.92,46.52,474000
11-Oct-2013,43.42,45.31,43.22,44.70,475300
10-Oct-2013,43.94,44.92,43.47,43.68,350100
09-Oct-2013,44.67,44.93,43.02,43.38,427500
08-Oct-2013,45.74,45.97,43.45,44.56,830300
07-Oct-2013,45.45,46.71,45.15,45.76,353800
04-Oct-2013,43.82,47.36,43.68,46.01,646600
03-Oct-2013,43.25,44.08,42.25,43.83,359300
02-Oct-2013,43.10,43.86,42.18,43.22,491300
01-Oct-2013,42.61,43.79,42.61,43.42,332400
30-Sep-2013,42.47,43.18,42.04,42.64,307700
27-Sep-2013,43.56,43.76,42.86,43.15,283100
26-Sep-2013,43.50,44.06,42.81,43.98,331000
25-Sep-2013,43.84,44.12,43.35,43.76,245800
24-Sep-2013,44.25,44.64,43.50,43.63,449500
23-Sep-2013,42.51,43.75,42.32,43.55,562300
20-Sep-2013,43.97,44.51,41.88,42.78,1209900
19-Sep-2013,44.92,45.09,43.36,44.02,264600
18-Sep-2013,45.05,45.38,43.74,44.67,441400
17-Sep-2013,45.45,45.45,44.07,44.59,584000
16-Sep-2013,46.47,46.51,44.38,44.82,494500
13-Sep-2013,46.82,47.22,45.88,46.00,591000
12-Sep-2013,45.68,46.90,45.30,46.63,452500
11-Sep-2013,44.38,45.80,44.15,45.53,322800
10-Sep-2013,44.51,45.00,43.73,44.38,270200
09-Sep-2013,44.38,44.49,43.51,44.32,285400
06-Sep-2013,43.94,43.99,42.92,43.42,403800
05-Sep-2013,43.63,44.30,43.27,43.62,268400
04-Sep-2013,42.71,44.38,42.06,43.35,1078600
03-Sep-2013,40.81,41.81,40.81,41.66,337900
02-Sep-2013,40.24,40.24,40.24,40.24,426840
30-Aug-2013,40.50,41.01,39.42,40.24,397000
29-Aug-2013,41.28,41.46,40.14,40.44,476200
28-Aug-2013,40.14,41.75,40.10,41.50,389600
27-Aug-2013,39.57,40.91,39.17,39.89,279400
26-Aug-2013,40.33,41.25,39.55,40.00,352100
23-Aug-2013,39.51,40.45,38.79,40.12,690500
22-Aug-2013,39.32,39.92,38.86,39.35,233700
21-Aug-2013,39.20,40.31,38.10,39.22,228500
20-Aug-2013,38.85,39.72,38.45,39.28,255400
19-Aug-2013,40.50,40.60,39.34,39.35,194600
16-Aug-2013,39.88,40.97,39.50,40.50,547700
15-Aug-2013,40.25,40.70,39.50,39.79,2670300
14-Aug-2013,41.90,42.03,40.33,40.45,975100
13-Aug-2013,42.05,43.48,41.69,42.09,366000
12-Aug-2013,42.02,42.50,41.00,42.08,250200
09-Aug-2013,42.10,42.69,41.93,42.24,218900
08-Aug-2013,42.28,43.55,41.80,42.09,324600
07-Aug-2013,43.77,43.84,41.32,42.24,421800
06-Aug-2013,42.98,43.09,40.92,42.20,308300
05-Aug-2013,42.57,44.11,42.41,43.10,419500
02-Aug-2013,42.44,43.52,41.60,42.65,510200
01-Aug-2013,39.28,43.40,39.28,42.61,974300
31-Jul-2013,37.96,39.30,37.30,38.18,150400
30-Jul-2013,37.77,37.89,36.78,37.83,137400
29-Jul-2013,37.50,37.82,36.95,37.67,82100
26-Jul-2013,37.50,39.14,37.15,37.47,244000
25-Jul-2013,37.26,38.24,37.10,37.75,222600
24-Jul-2013,38.92,39.01,37.07,37.41,252700
23-Jul-2013,39.90,40.00,38.67,38.79,182400
22-Jul-2013,39.11,39.61,38.55,39.47,150800
19-Jul-2013,38.15,39.80,37.37,39.36,348000
18-Jul-2013,37.55,39.45,37.46,38.08,294400
17-Jul-2013,37.19,38.87,37.19,37.66,207400
16-Jul-2013,37.18,37.91,36.62,37.71,213200
15-Jul-2013,37.20,37.83,36.23,37.27,243100
12-Jul-2013,37.39,37.67,36.23,37.25,117700
11-Jul-2013,38.13,38.13,37.33,37.60,319900
10-Jul-2013,36.54,37.25,35.82,37.16,278200
09-Jul-2013,36.45,36.93,35.79,36.50,280000
08-Jul-2013,36.07,37.80,35.64,36.10,498500
05-Jul-2013,35.74,36.22,34.75,35.89,224600
04-Jul-2013,35.20,35.20,35.20,35.20,335050
03-Jul-2013,34.53,36.24,34.20,35.20,192100
02-Jul-2013,34.11,34.68,33.51,34.56,119500
01-Jul-2013,33.49,34.65,33.42,34.27,245000
28-Jun-2013,33.15,33.68,32.61,33.32,902000
27-Jun-2013,33.71,33.77,32.96,33.06,290700
26-Jun-2013,33.24,33.73,32.99,33.65,325000
25-Jun-2013,32.59,33.35,31.49,32.92,405900
24-Jun-2013,32.91,32.91,30.75,32.02,797500
21-Jun-2013,32.80,33.51,31.60,33.15,1297800
20-Jun-2013,34.31,34.31,32.47,32.64,641900
19-Jun-2013,35.24,35.48,34.15,34.61,3342500
18-Jun-2013,33.85,35.47,33.20,35.01,611100
17-Jun-2013,35.24,35.28,33.79,34.45,186700
14-Jun-2013,34.96,35.63,34.60,34.89,145800
13-Jun-2013,34.54,35.30,33.42,34.97,282000
12-Jun-2013,34.75,35.04,34.19,34.43,65600
11-Jun-2013,34.56,35.24,34.18,34.46,123200
10-Jun-2013,34.56,35.56,33.50,34.74,234300
07-Jun-2013,34.85,35.64,34.15,35.45,134900
06-Jun-2013,33.88,35.87,33.61,34.58,110000
05-Jun-2013,34.27,34.68,33.82,33.94,165000
04-Jun-2013,34.62,35.43,33.60,34.08,175100
03-Jun-2013,33.66,34.75,32.88,34.60,338700
31-May-2013,34.63,35.23,33.67,33.77,596700
30-May-2013,34.78,35.65,34.40,34.95,355400
29-May-2013,34.81,35.31,34.31,34.96,229900
28-May-2013,34.77,35.91,34.31,34.95,383200
27-May-2013,34.32,34.32,34.32,34.32,502470
24-May-2013,33.39,34.67,32.77,34.32,792200
23-May-2013,31.98,34.30,31.52,33.27,609600
22-May-2013,32.25,34.84,31.87,32.54,876300
21-May-2013,32.40,32.40,31.23,31.71,297700
20-May-2013,31.62,32.25,31.24,32.03,545000
17-May-2013,30.52,32.41,30.20,31.43,913900
16-May-2013,31.17,31.60,29.73,29.94,3939100
15-May-2013,28.29,29.77,27.19,29.48,600900
14-May-2013,28.61,28.91,28.53,28.87,73600
13-May-2013,28.46,29.00,28.35,28.66,51600
10-May-2013,28.65,28.70,27.91,28.58,89300
09-May-2013,29.57,29.67,28.47,28.68,189600
08-May-2013,28.38,29.75,27.51,29.53,200800
07-May-2013,28.71,28.81,27.88,28.54,264200
06-May-2013,27.58,29.40,27.58,28.76,392900
03-May-2013,27.16,27.66,27.16,27.48,85900
02-May-2013,26.46,27.25,26.46,27.10,168300
01-May-2013,26.10,27.01,25.95,26.44,347000
30-Apr-2013,26.46,26.74,26.13,26.26,171500
29-Apr-2013,26.98,26.98,25.78,26.04,343400
26-Apr-2013,27.16,27.37,26.35,26.88,146900
25-Apr-2013,27.51,27.68,27.17,27.30,68400
24-Apr-2013,27.45,27.62,27.04,27.10,77900
23-Apr-2013,27.00,27.68,26.96,27.49,107100
22-Apr-2013,26.60,27.34,26.21,26.98,149200
19-Apr-2013,26.82,26.82,26.09,26.22,126800
18-Apr-2013,25.91,26.67,25.46,26.51,74000
17-Apr-2013,26.51,26.53,25.41,25.80,159900
16-Apr-2013,26.01,26.77,25.86,26.74,166200
15-Apr-2013,26.36,26.36,25.01,25.80,378700
12-Apr-2013,26.47,27.05,26.23,26.63,275700
11-Apr-2013,26.14,26.70,25.10,26.50,165500
10-Apr-2013,26.75,27.24,25.92,26.08,230000
09-Apr-2013,26.30,27.39,26.14,26.76,285200
08-Apr-2013,25.17,26.35,25.02,26.05,144100
05-Apr-2013,24.69,25.37,24.57,25.18,59400
04-Apr-2013,24.87,25.27,23.83,25.05,135000
03-Apr-2013,27.05,27.05,24.48,24.92,526600
02-Apr-2013,27.47,27.89,26.75,27.04,493300
01-Apr-2013,27.52,27.97,26.93,27.40,216500
29-Mar-2013,26.84,26.84,26.84,26.84,210790
28-Mar-2013,26.24,27.21,26.04,26.84,157400
27-Mar-2013,25.44,26.27,25.44,26.11,83500
26-Mar-2013,25.23,25.87,25.08,25.65,191300
25-Mar-2013,24.69,25.33,24.62,25.20,196900
22-Mar-2013,24.39,24.62,24.24,24.55,48000
21-Mar-2013,23.92,24.47,23.89,24.31,132900
20-Mar-2013,24.04,24.30,23.65,24.00,80900
19-Mar-2013,24.23,25.14,23.57,23.76,87100
18-Mar-2013,23.82,24.55,23.63,23.99,38800
15-Mar-2013,24.92,24.96,23.50,24.15,186100
14-Mar-2013,25.86,25.86,24.22,24.86,152900
13-Mar-2013,24.87,26.39,24.67,25.75,308700
12-Mar-2013,24.52,24.99,24.30,24.93,107200
11-Mar-2013,24.92,24.99,24.08,24.49,218100
08-Mar-2013,24.77,24.96,23.89,24.90,127100
07-Mar-2013,23.50,24.89,22.53,24.51,129600
06-Mar-2013,24.00,24.03,23.38,23.55,13700
05-Mar-2013,22.41,23.88,22.39,23.70,108600
04-Mar-2013,22.47,22.87,21.83,22.39,38900
01-Mar-2013,22.50,22.81,21.91,22.34,45900
28-Feb-2013,20.98,23.31,20.20,22.71,204900
27-Feb-2013,20.09,21.50,19.85,20.96,158400
26-Feb-2013,19.84,20.52,19.70,20.05,119200
25-Feb-2013,21.00,21.08,19.57,19.74,167600
22-Feb-2013,22.25,22.63,20.23,20.98,310500
21-Feb-2013,21.29,21.29,20.55,20.73,76800
20-Feb-2013,22.81,23.28,21.21,21.28,96100
19-Feb-2013,22.32,22.82,22.23,22.82,101900
18-Feb-2013,22.30,22.30,22.30,22.30,181400
15-Feb-2013,22.07,22.65,21.70,22.30,146400
14-Feb-2013,21.81,22.93,21.55,22.00,379400
13-Feb-2013,21.55,22.01,21.23,21.56,321600
12-Feb-2013,21.52,21.76,21.05,21.57,154600
11-Feb-2013,22.13,22.13,21.30,21.56,59100
08-Feb-2013,22.39,22.75,22.04,22.05,96300
07-Feb-2013,22.06,22.69,22.00,22.42,61300
06-Feb-2013,22.49,22.83,22.21,22.63,136000
05-Feb-2013,22.55,22.65,22.16,22.63,38700
04-Feb-2013,22.65,22.71,21.84,22.54,80000
01-Feb-2013,22.56,22.95,22.36,22.70,93500
31-Jan-2013,22.53,22.53,21.55,22.42,260300
30-Jan-2013,22.15,22.88,22.04,22.67,340400
29-Jan-2013,21.71,22.16,21.63,22.13,113600
28-Jan-2013,22.20,22.25,21.34,21.64,90900
25-Jan-2013,21.55,22.71,21.55,22.00,71100
24-Jan-2013,21.24,22.59,21.19,21.43,114400
23-Jan-2013,21.74,21.74,20.95,21.43,42600
22-Jan-2013,20.60,21.89,20.60,21.79,160000
21-Jan-2013,20.54,20.54,20.54,20.54,115690
18-Jan-2013,21.10,21.79,20.31,20.54,119300
17-Jan-2013,21.37,21.81,20.76,21.12,129700
16-Jan-2013,20.74,21.52,20.06,21.28,239400
15-Jan-2013,21.67,22.90,21.17,21.72,59200
14-Jan-2013,21.68,22.47,21.68,21.80,130300
11-Jan-2013,21.52,21.78,20.55,21.67,166200
10-Jan-2013,20.88,21.99,20.34,21.63,235100
09-Jan-2013,20.71,20.97,20.40,20.47,171700
08-Jan-2013,20.69,21.10,20.38,20.60,229400
07-Jan-2013,19.89,21.24,19.64,20.77,210200
04-Jan-2013,19.25,20.49,18.97,20.05,173200
03-Jan-2013,19.04,19.45,18.65,19.14,89000
02-Jan-2013,19.46,19.92,18.60,19.24,189600
