GE
Date,Open,High,Low,Close,Volume
20-Nov-2015,30.26,30.99,30.21,30.66,210579000
19-Nov-2015,30.38,30.51,30.25,30.27,98930000
18-Nov-2015,30.22,30.57,30.10,30.52,177707000
17-Nov-2015,30.57,30.75,30.00,30.32,431332600
16-Nov-2015,29.88,30.60,29.77,30.36,284626600
13-Nov-2015,29.86,30.49,29.81,30.28,247034400
12-Nov-2015,30.41,30.90,30.11,30.16,292715600
11-Nov-2015,30.20,30.82,30.20,30.67,197598700
10-Nov-2015,29.63,30.27,29.61,30.12,239465000
09-Nov-2015,29.76,29.95,29.38,29.75,145403400
06-Nov-2015,29.44,29.95,29.25,29.92,126109800
05-Nov-2015,29.47,29.74,29.31,29.64,122573800
04-Nov-2015,29.55,29.79,29.46,29.54,105126700
03-Nov-2015,29.21,29.79,29.18,29.59,95814900
02-Nov-2015,28.94,29.40,28.88,29.40,59504700
30-Oct-2015,29.22,29.33,28.91,28.92,71021300
29-Oct-2015,29.17,29.38,29.06,29.34,42373900
28-Oct-2015,29.33,29.58,29.15,29.39,71038200
27-Oct-2015,29.41,29.64,29.23,29.46,67606200
26-Oct-2015,29.52,29.66,29.41,29.55,48757400
23-Oct-2015,29.70,29.83,29.42,29.51,76858800
22-Oct-2015,28.95,29.74,28.91,29.58,81476300
21-Oct-2015,28.79,29.24,28.78,28.85,65519700
20-Oct-2015,28.82,29.00,28.70,28.78,75137800
19-Oct-2015,28.80,29.56,28.75,28.99,119910480
16-Oct-2015,28.61,29.19,28.22,28.98,142021200
15-Oct-2015,27.80,28.17,27.64,28.03,76978500
14-Oct-2015,27.74,27.84,27.48,27.60,39107800
13-Oct-2015,27.98,28.28,27.87,27.87,43203100
12-Oct-2015,27.98,28.17,27.91,28.09,25239600
09-Oct-2015,27.98,28.17,27.89,28.07,47305800
08-Oct-2015,27.63,28.20,27.43,28.03,51114600
07-Oct-2015,27.50,27.77,27.32,27.77,65845300
06-Oct-2015,26.99,27.41,26.96,27.29,71909400
05-Oct-2015,26.37,27.20,26.22,26.82,105423300
02-Oct-2015,24.87,25.49,24.83,25.47,42676200
01-Oct-2015,25.15,25.31,24.79,25.19,39723500
30-Sep-2015,24.73,25.24,24.69,25.22,43758200
29-Sep-2015,24.33,24.60,24.26,24.57,41587700
28-Sep-2015,24.69,24.74,24.31,24.31,42641200
25-Sep-2015,25.00,25.04,24.86,24.92,38950000
24-Sep-2015,24.87,25.45,24.65,24.91,53239500
23-Sep-2015,25.01,25.33,24.98,25.14,41189900
22-Sep-2015,24.76,25.16,24.60,25.11,44204900
21-Sep-2015,24.89,25.20,24.84,25.09,29618900
18-Sep-2015,25.15,25.21,24.71,24.80,77869300
17-Sep-2015,25.50,25.93,25.27,25.35,48844100
16-Sep-2015,25.53,26.03,25.42,25.93,61540000
15-Sep-2015,24.90,25.45,24.70,25.30,46334600
14-Sep-2015,24.97,24.98,24.60,24.77,26237600
11-Sep-2015,24.74,24.96,24.50,24.95,31903000
10-Sep-2015,24.56,24.86,24.50,24.68,35043100
09-Sep-2015,25.20,25.22,24.48,24.55,34611200
08-Sep-2015,24.51,24.98,24.27,24.96,46212800
07-Sep-2015,24.00,24.00,24.00,24.00,39603230
04-Sep-2015,24.18,24.18,23.85,24.00,35628300
03-Sep-2015,24.76,24.95,24.39,24.51,33564700
02-Sep-2015,24.14,24.58,23.83,24.57,50480800
01-Sep-2015,24.22,24.36,23.68,23.88,65344000
31-Aug-2015,24.98,24.98,24.58,24.82,37006800
28-Aug-2015,24.92,25.17,24.78,25.16,32942500
27-Aug-2015,24.43,25.01,24.38,25.01,64894100
26-Aug-2015,23.85,24.07,23.27,24.01,78965900
25-Aug-2015,24.73,24.74,23.27,23.27,60778000
24-Aug-2015,22.84,24.38,19.37,23.87,91236500
21-Aug-2015,24.90,25.13,24.56,24.59,65101800
20-Aug-2015,25.51,25.64,25.18,25.19,34645800
19-Aug-2015,25.90,26.03,25.62,25.73,29149800
18-Aug-2015,26.17,26.21,25.94,26.07,20348800
17-Aug-2015,25.95,26.24,25.80,26.21,19223700
14-Aug-2015,25.65,26.10,25.62,26.08,20786300
13-Aug-2015,25.77,25.91,25.62,25.79,16418600
12-Aug-2015,25.54,25.88,25.35,25.86,32656100
11-Aug-2015,26.03,26.03,25.64,25.71,28235300
10-Aug-2015,25.90,26.30,25.90,26.24,23479100
07-Aug-2015,25.95,26.06,25.61,25.79,25916100
06-Aug-2015,26.15,26.18,25.96,26.03,17298100
05-Aug-2015,26.09,26.33,26.03,26.10,25471400
04-Aug-2015,25.89,26.06,25.83,25.90,21985100
03-Aug-2015,26.12,26.13,25.60,25.87,32580300
31-Jul-2015,26.23,26.29,26.05,26.10,23197500
30-Jul-2015,26.23,26.24,26.01,26.12,22118800
29-Jul-2015,26.09,26.28,26.05,26.26,23987800
28-Jul-2015,26.10,26.24,25.95,26.10,27758300
27-Jul-2015,25.54,25.98,25.52,25.95,36276900
24-Jul-2015,26.31,26.32,25.67,25.75,31124200
23-Jul-2015,26.57,26.60,26.20,26.26,23201200
22-Jul-2015,26.88,26.96,26.57,26.63,24133300
21-Jul-2015,26.98,27.15,26.80,26.85,29282200
20-Jul-2015,27.12,27.21,27.01,27.14,24686600
17-Jul-2015,27.24,27.33,27.03,27.24,41190900
16-Jul-2015,26.98,27.04,26.84,27.04,30635400
15-Jul-2015,26.61,26.79,26.60,26.77,27925100
14-Jul-2015,26.37,26.73,26.35,26.66,22294500
13-Jul-2015,26.49,26.53,26.24,26.47,24324500
10-Jul-2015,26.39,26.44,26.04,26.27,25359800
09-Jul-2015,26.17,26.40,26.01,26.02,30411300
08-Jul-2015,26.09,26.24,25.88,25.89,32030600
07-Jul-2015,26.38,26.55,25.93,26.47,32647100
06-Jul-2015,26.53,26.64,26.20,26.31,27858100
03-Jul-2015,26.78,26.78,26.78,26.78,29944390
02-Jul-2015,26.70,26.83,26.60,26.78,26002200
01-Jul-2015,26.67,26.87,26.47,26.66,30427400
30-Jun-2015,26.82,26.96,26.53,26.57,35557700
29-Jun-2015,26.90,26.97,26.53,26.64,33372300
26-Jun-2015,27.04,27.13,26.91,27.09,25777400
25-Jun-2015,27.28,27.35,27.02,27.04,23342000
24-Jun-2015,27.55,27.59,27.25,27.26,32456600
23-Jun-2015,27.42,27.60,27.39,27.55,32510900
22-Jun-2015,27.30,27.50,27.29,27.42,27504600
19-Jun-2015,27.27,27.38,27.18,27.24,60267600
18-Jun-2015,27.07,27.41,27.03,27.37,37680600
17-Jun-2015,27.19,27.40,27.11,27.27,36548300
16-Jun-2015,27.17,27.24,27.00,27.22,27569500
15-Jun-2015,27.20,27.31,27.11,27.21,28498600
12-Jun-2015,27.45,27.48,27.28,27.39,22137500
11-Jun-2015,27.57,27.64,27.36,27.51,31388400
10-Jun-2015,27.36,27.68,27.32,27.63,33175600
09-Jun-2015,27.28,27.47,27.17,27.33,31113900
08-Jun-2015,27.31,27.36,27.21,27.24,29812800
05-Jun-2015,27.26,27.38,27.16,27.29,30647700
04-Jun-2015,27.42,27.62,27.21,27.26,33360400
03-Jun-2015,27.43,27.56,27.36,27.53,26306200
02-Jun-2015,27.22,27.42,27.15,27.33,26325300
01-Jun-2015,27.26,27.34,27.07,27.28,33322400
29-May-2015,27.50,27.50,27.27,27.27,41661000
28-May-2015,27.50,27.63,27.30,27.63,26418300
27-May-2015,27.57,27.62,27.46,27.52,25326700
26-May-2015,27.52,27.58,27.38,27.52,47465200
25-May-2015,27.68,27.68,27.68,27.68,32960770
22-May-2015,27.69,27.78,27.62,27.68,23289300
21-May-2015,27.66,27.79,27.55,27.72,40311100
20-May-2015,27.34,27.70,27.20,27.64,40173600
19-May-2015,27.24,27.39,27.21,27.35,29150700
18-May-2015,27.21,27.39,27.21,27.31,22489400
15-May-2015,27.38,27.44,27.25,27.27,35768600
14-May-2015,27.32,27.43,27.15,27.41,26976000
13-May-2015,27.02,27.24,26.92,27.21,37170400
12-May-2015,26.81,27.09,26.75,27.03,29789800
11-May-2015,27.25,27.30,26.86,26.92,32453300
08-May-2015,27.28,27.49,27.22,27.36,37221500
07-May-2015,26.78,27.12,26.66,27.04,31038200
06-May-2015,27.00,27.18,26.61,26.81,27761000
05-May-2015,27.25,27.36,26.85,26.92,30347300
04-May-2015,27.36,27.61,27.25,27.27,26201600
01-May-2015,27.09,27.32,26.99,27.31,28303300
30-Apr-2015,27.06,27.35,26.97,27.08,42984900
29-Apr-2015,26.92,27.25,26.90,27.09,37153900
28-Apr-2015,26.95,27.16,26.64,27.12,38426600
27-Apr-2015,26.96,27.00,26.81,26.88,36217600
24-Apr-2015,26.93,26.94,26.70,26.80,27713900
23-Apr-2015,26.79,27.07,26.71,26.85,38165800
22-Apr-2015,26.68,27.02,26.60,26.91,47056100
21-Apr-2015,27.03,27.06,26.55,26.62,76872300
20-Apr-2015,27.32,27.44,27.01,27.02,61686900
17-Apr-2015,27.40,27.70,26.92,27.25,87794500
16-Apr-2015,27.31,27.50,27.18,27.28,62363100
15-Apr-2015,27.69,27.85,27.43,27.46,56420000
14-Apr-2015,27.48,27.84,27.38,27.73,55777200
13-Apr-2015,28.06,28.19,27.50,27.63,153984800
10-Apr-2015,27.13,28.68,27.00,28.51,352701800
09-Apr-2015,25.09,25.83,24.92,25.73,60149900
08-Apr-2015,25.04,25.12,24.87,25.01,22439200
07-Apr-2015,25.15,25.28,25.00,25.02,21261500
06-Apr-2015,24.90,25.41,24.79,25.18,33445000
03-Apr-2015,24.94,24.94,24.94,24.94,64850270
02-Apr-2015,24.81,25.00,24.70,24.94,29213000
01-Apr-2015,24.72,24.92,24.57,24.84,38749500
31-Mar-2015,25.07,25.09,24.81,24.81,34940900
30-Mar-2015,24.98,25.20,24.97,25.12,27281400
27-Mar-2015,24.92,24.92,24.71,24.86,28320500
26-Mar-2015,24.82,24.92,24.67,24.80,32504400
25-Mar-2015,25.23,25.33,24.91,24.91,34897300
24-Mar-2015,25.38,25.48,25.27,25.27,25801200
23-Mar-2015,25.48,25.74,25.45,25.47,31984400
20-Mar-2015,25.34,25.53,25.30,25.40,50632500
19-Mar-2015,25.45,25.61,25.26,25.33,38314800
18-Mar-2015,25.18,25.85,25.11,25.64,38302800
17-Mar-2015,25.30,25.39,25.09,25.31,34259000
16-Mar-2015,25.07,25.48,24.96,25.45,34610400
13-Mar-2015,25.28,25.36,24.81,25.04,45306900
12-Mar-2015,25.26,25.41,25.17,25.40,29369400
11-Mar-2015,25.28,25.49,25.13,25.19,36198000
10-Mar-2015,25.49,25.64,25.17,25.17,37442000
09-Mar-2015,25.52,25.70,25.49,25.64,31591100
06-Mar-2015,25.71,25.78,25.33,25.42,32286700
05-Mar-2015,25.63,25.82,25.58,25.82,28373700
04-Mar-2015,25.76,25.77,25.47,25.66,31543700
03-Mar-2015,26.00,26.08,25.78,25.86,30542200
02-Mar-2015,25.88,26.12,25.85,26.11,32408900
27-Feb-2015,25.83,26.27,25.75,25.99,51531800
26-Feb-2015,25.94,26.01,25.81,25.89,38247100
25-Feb-2015,25.45,26.06,25.44,25.91,68219500
24-Feb-2015,25.12,25.45,25.09,25.39,42464000
23-Feb-2015,25.22,25.30,25.10,25.17,30774500
20-Feb-2015,24.88,25.22,24.80,25.21,39889800
19-Feb-2015,25.03,25.21,24.95,25.01,33232900
18-Feb-2015,25.29,25.29,25.15,25.25,30740700
17-Feb-2015,25.12,25.21,24.98,25.17,35989500
16-Feb-2015,25.15,25.15,25.15,25.15,30904060
13-Feb-2015,24.99,25.17,24.94,25.15,33076100
12-Feb-2015,24.81,24.99,24.71,24.89,26522200
11-Feb-2015,24.71,24.82,24.60,24.77,24455200
10-Feb-2015,24.77,24.80,24.55,24.72,27075700
09-Feb-2015,24.47,24.75,24.45,24.64,27284000
06-Feb-2015,24.54,24.75,24.47,24.52,27471900
05-Feb-2015,24.25,24.50,24.23,24.50,25647300
04-Feb-2015,24.41,24.43,24.08,24.16,33236000
03-Feb-2015,24.29,24.53,24.26,24.47,37723800
02-Feb-2015,24.00,24.22,23.90,24.21,39602500
30-Jan-2015,23.88,24.11,23.82,23.89,54712100
29-Jan-2015,23.84,24.20,23.78,24.08,40436400
28-Jan-2015,24.47,24.49,23.81,23.84,49653800
27-Jan-2015,24.42,24.46,24.20,24.38,38398100
26-Jan-2015,24.72,24.74,24.40,24.59,39174800
23-Jan-2015,24.43,24.89,24.29,24.48,63738700
22-Jan-2015,24.30,24.36,23.96,24.28,47129300
21-Jan-2015,23.83,24.08,23.71,24.04,37620300
20-Jan-2015,23.84,23.87,23.55,23.85,44562000
19-Jan-2015,23.59,23.59,23.59,23.59,43939360
16-Jan-2015,23.51,23.65,23.45,23.59,49793900
15-Jan-2015,23.86,23.97,23.56,23.58,31480000
14-Jan-2015,23.65,23.85,23.41,23.78,41850700
13-Jan-2015,24.26,24.33,23.63,23.86,41172800
12-Jan-2015,24.07,24.14,23.77,23.98,42871100
09-Jan-2015,24.52,24.53,23.95,24.03,43132200
08-Jan-2015,24.32,24.38,24.13,24.37,43224300
07-Jan-2015,24.21,24.39,23.98,24.08,43642400
06-Jan-2015,24.46,24.57,23.93,24.07,63759900
05-Jan-2015,25.01,25.01,24.52,24.60,42033100
02-Jan-2015,25.34,25.46,24.87,25.06,40920800
01-Jan-2015,25.27,25.27,25.27,25.27,33767310
31-Dec-2014,25.42,25.52,25.27,25.27,28206400
30-Dec-2014,25.62,25.70,25.42,25.57,22184500
29-Dec-2014,25.70,25.85,25.68,25.70,20858100
26-Dec-2014,25.84,25.90,25.74,25.78,14978500
25-Dec-2014,25.83,25.83,25.83,25.83,34325601
24-Dec-2014,25.91,25.94,25.69,25.83,17865100
23-Dec-2014,25.69,26.00,25.60,25.88,31399700
22-Dec-2014,25.65,25.77,25.55,25.71,35238100
19-Dec-2014,25.12,25.70,25.00,25.62,86713600
18-Dec-2014,25.13,25.15,24.68,25.14,52044700
17-Dec-2014,24.61,24.72,24.06,24.66,77589300
16-Dec-2014,24.54,25.18,24.40,24.49,48374500
15-Dec-2014,25.01,25.03,24.41,24.59,63574000
12-Dec-2014,25.35,25.37,24.86,24.89,51044500
11-Dec-2014,25.32,25.69,25.31,25.41,40900300
10-Dec-2014,25.61,25.62,25.15,25.27,45310200
09-Dec-2014,25.46,25.69,25.27,25.58,32532300
08-Dec-2014,25.88,26.09,25.61,25.69,37627900
05-Dec-2014,26.14,26.15,25.93,26.01,22389200
04-Dec-2014,26.26,26.28,25.92,26.09,29816600
03-Dec-2014,26.16,26.47,26.09,26.38,34360800
02-Dec-2014,26.07,26.20,26.03,26.05,25232600
01-Dec-2014,26.19,26.22,25.85,26.02,48967000
28-Nov-2014,26.80,26.90,26.44,26.49,31185200
27-Nov-2014,26.87,26.87,26.87,26.87,29826860
26-Nov-2014,26.89,26.97,26.78,26.87,19296100
25-Nov-2014,27.01,27.03,26.84,26.86,28028000
24-Nov-2014,27.01,27.09,26.81,27.00,24003500
21-Nov-2014,27.09,27.10,26.86,26.99,36181500
20-Nov-2014,26.80,26.97,26.75,26.85,21197300
19-Nov-2014,26.99,27.00,26.77,26.92,33735300
18-Nov-2014,26.70,27.05,26.69,27.01,36774000
17-Nov-2014,26.47,26.68,26.42,26.61,24613500
14-Nov-2014,26.42,26.51,26.38,26.46,16943800
13-Nov-2014,26.47,26.67,26.36,26.42,25426100
12-Nov-2014,26.27,26.60,26.27,26.52,28103600
11-Nov-2014,26.47,26.50,26.24,26.38,18964000
10-Nov-2014,26.41,26.53,26.38,26.47,16277800
07-Nov-2014,26.29,26.50,26.21,26.41,26390800
06-Nov-2014,25.89,26.39,25.87,26.36,40218700
05-Nov-2014,25.89,25.90,25.67,25.82,31585700
04-Nov-2014,25.72,25.80,25.59,25.70,22553800
03-Nov-2014,25.49,25.84,25.48,25.70,35111000
31-Oct-2014,25.85,25.93,25.67,25.81,39955300
30-Oct-2014,25.42,25.72,25.32,25.67,26173700
29-Oct-2014,25.88,25.90,25.39,25.66,28829700
28-Oct-2014,25.61,25.88,25.56,25.88,28586700
27-Oct-2014,25.66,25.70,25.38,25.52,19784400
24-Oct-2014,25.44,25.65,25.41,25.64,20563900
23-Oct-2014,25.42,25.69,25.40,25.44,30962300
22-Oct-2014,25.35,25.48,25.15,25.19,30038600
21-Oct-2014,25.27,25.53,25.13,25.45,31688200
20-Oct-2014,24.91,25.12,24.71,25.03,33868400
17-Oct-2014,25.02,25.25,24.70,24.82,52637800
16-Oct-2014,23.99,24.51,23.96,24.25,51697800
15-Oct-2014,23.83,24.40,23.69,24.28,65636600
14-Oct-2014,24.18,24.64,24.04,24.10,42254800
13-Oct-2014,24.24,24.33,23.90,23.95,39054700
10-Oct-2014,24.79,24.87,24.21,24.27,47837200
09-Oct-2014,25.23,25.31,24.73,24.78,34012700
08-Oct-2014,24.95,25.25,24.66,25.25,36918000
07-Oct-2014,25.10,25.19,24.80,24.81,31985200
06-Oct-2014,25.60,25.63,25.07,25.22,30492500
03-Oct-2014,25.28,25.43,25.15,25.40,21658200
02-Oct-2014,25.19,25.25,25.01,25.12,28502100
01-Oct-2014,25.43,25.47,25.08,25.16,42081100
30-Sep-2014,25.36,25.70,25.33,25.62,40800800
29-Sep-2014,25.36,25.52,25.30,25.42,30747500
26-Sep-2014,25.58,25.70,25.43,25.63,28931900
25-Sep-2014,25.88,25.88,25.53,25.55,30686900
24-Sep-2014,26.01,26.01,25.69,25.93,34059700
23-Sep-2014,25.99,26.14,25.98,26.02,21684800
22-Sep-2014,26.19,26.27,26.03,26.08,23005600
19-Sep-2014,26.35,26.40,26.25,26.29,38246200
18-Sep-2014,26.19,26.36,26.13,26.21,31598100
17-Sep-2014,26.32,26.40,26.10,26.27,29613600
16-Sep-2014,25.91,26.27,25.88,26.21,27482900
15-Sep-2014,25.83,25.95,25.75,25.92,15347100
12-Sep-2014,25.97,25.97,25.80,25.87,24639200
11-Sep-2014,25.90,26.09,25.83,26.02,22606400
10-Sep-2014,25.99,26.03,25.85,25.95,19110000
09-Sep-2014,26.07,26.11,25.85,25.90,21666300
08-Sep-2014,26.14,26.27,26.06,26.08,20379700
05-Sep-2014,25.90,26.10,25.80,26.10,21041600
04-Sep-2014,25.96,26.13,25.89,25.96,26891800
03-Sep-2014,25.98,26.00,25.82,25.95,19962100
02-Sep-2014,25.89,26.03,25.77,25.85,24386700
01-Sep-2014,25.98,25.98,25.98,25.98,21736770
29-Aug-2014,26.03,26.09,25.90,25.98,21918000
28-Aug-2014,26.03,26.09,25.96,26.01,13441700
27-Aug-2014,26.05,26.20,26.02,26.13,21176500
26-Aug-2014,26.22,26.28,26.01,26.01,26313500
25-Aug-2014,26.16,26.29,26.02,26.20,21856100
22-Aug-2014,26.33,26.37,26.11,26.15,22784400
21-Aug-2014,26.42,26.45,26.30,26.43,22184900
20-Aug-2014,26.08,26.40,26.01,26.36,28855400
19-Aug-2014,26.14,26.16,26.05,26.05,16137100
18-Aug-2014,25.87,26.07,25.85,26.07,26809900
15-Aug-2014,25.95,25.97,25.51,25.64,28167900
14-Aug-2014,25.89,25.95,25.73,25.88,23323200
13-Aug-2014,25.72,25.92,25.70,25.83,19870100
12-Aug-2014,25.82,25.86,25.59,25.61,21782800
11-Aug-2014,25.84,26.00,25.72,25.79,27873100
08-Aug-2014,25.46,25.67,25.30,25.66,22929400
07-Aug-2014,25.61,25.70,25.42,25.50,36171000
06-Aug-2014,25.13,25.57,25.09,25.44,47222500
05-Aug-2014,25.10,25.29,24.95,25.02,27694300
04-Aug-2014,25.33,25.42,25.10,25.27,28410200
01-Aug-2014,25.05,25.36,24.75,25.35,40200300
31-Jul-2014,25.52,25.56,25.15,25.15,37995100
30-Jul-2014,25.58,25.79,25.40,25.64,25838100
29-Jul-2014,25.57,25.72,25.45,25.45,22528900
28-Jul-2014,25.67,25.73,25.44,25.59,32982900
25-Jul-2014,25.99,25.99,25.73,25.79,24634100
24-Jul-2014,25.97,26.08,25.90,25.94,22010700
23-Jul-2014,26.07,26.09,25.91,25.91,32060800
22-Jul-2014,26.07,26.10,25.85,26.02,34537100
21-Jul-2014,26.33,26.33,25.72,25.98,59342900
18-Jul-2014,26.77,26.78,26.25,26.46,55402900
17-Jul-2014,26.92,26.98,26.60,26.61,37549900
16-Jul-2014,26.69,27.14,26.66,27.02,47070900
15-Jul-2014,26.76,26.80,26.55,26.61,41455700
14-Jul-2014,26.63,26.86,26.62,26.66,25273700
11-Jul-2014,26.19,26.55,26.12,26.55,35440200
10-Jul-2014,26.13,26.29,26.10,26.20,33239900
09-Jul-2014,26.42,26.43,26.26,26.32,37820500
08-Jul-2014,26.63,26.65,26.35,26.37,29105500
07-Jul-2014,26.80,26.84,26.68,26.75,25262900
04-Jul-2014,26.86,26.86,26.86,26.86,29557000
03-Jul-2014,26.81,26.89,26.78,26.86,20513800
02-Jul-2014,26.34,26.65,26.34,26.61,21284000
01-Jul-2014,26.27,26.50,26.26,26.40,28064500
30-Jun-2014,26.44,26.45,26.22,26.28,29678100
27-Jun-2014,26.29,26.43,26.23,26.43,35160600
26-Jun-2014,26.46,26.46,26.20,26.29,23166600
25-Jun-2014,26.47,26.51,26.34,26.42,26263800
24-Jun-2014,26.66,26.88,26.51,26.58,26423100
23-Jun-2014,27.05,27.06,26.60,26.68,31244400
20-Jun-2014,27.02,27.04,26.87,26.97,49565000
19-Jun-2014,26.66,26.98,26.66,26.93,31605200
18-Jun-2014,26.88,26.94,26.69,26.89,26237200
17-Jun-2014,26.79,26.98,26.68,26.87,21302400
16-Jun-2014,26.95,26.97,26.75,26.82,26681000
13-Jun-2014,26.88,27.07,26.88,27.04,19133300
12-Jun-2014,27.10,27.16,26.89,26.96,25747500
11-Jun-2014,27.32,27.36,27.06,27.15,24721900
10-Jun-2014,27.34,27.46,27.24,27.41,21842400
09-Jun-2014,27.06,27.53,27.01,27.44,28282200
06-Jun-2014,26.79,27.24,26.76,27.18,33736800
05-Jun-2014,26.54,26.78,26.45,26.77,25041400
04-Jun-2014,26.74,26.74,26.54,26.55,19969800
03-Jun-2014,26.75,26.81,26.67,26.79,18650300
02-Jun-2014,26.71,26.85,26.61,26.83,17125500
30-May-2014,26.64,26.79,26.60,26.79,18933600
29-May-2014,26.69,26.74,26.55,26.74,15026400
28-May-2014,26.56,26.71,26.53,26.66,18205700
27-May-2014,26.55,26.63,26.45,26.57,18317700
26-May-2014,26.51,26.51,26.51,26.51,17712220
23-May-2014,26.55,26.58,26.43,26.51,14833000
22-May-2014,26.43,26.57,26.31,26.51,15628700
21-May-2014,26.36,26.52,26.35,26.49,17444800
20-May-2014,26.61,26.62,26.15,26.30,23477100
19-May-2014,26.55,26.69,26.48,26.61,18129700
16-May-2014,26.49,26.68,26.37,26.67,28842600
15-May-2014,26.72,26.80,26.32,26.60,33783000
14-May-2014,26.91,26.96,26.67,26.76,20741600
13-May-2014,26.90,26.95,26.77,26.92,20482900
12-May-2014,26.58,26.86,26.51,26.85,23713600
09-May-2014,26.56,26.57,26.31,26.42,17437800
08-May-2014,26.48,26.60,26.30,26.44,20888600
07-May-2014,26.27,26.53,26.27,26.53,24322300
06-May-2014,26.51,26.53,26.19,26.19,25034200
05-May-2014,26.69,26.69,26.50,26.58,16591900
02-May-2014,26.77,26.87,26.66,26.68,23473400
01-May-2014,26.73,26.83,26.64,26.77,25779700
30-Apr-2014,26.80,26.90,26.65,26.89,29165000
29-Apr-2014,26.83,26.88,26.59,26.76,27676100
28-Apr-2014,26.72,26.85,26.53,26.78,34567000
25-Apr-2014,26.57,26.80,26.55,26.60,33753000
24-Apr-2014,26.44,26.64,26.23,26.46,25578100
23-Apr-2014,26.57,26.66,26.39,26.42,29567100
22-Apr-2014,26.69,26.77,26.57,26.58,27798700
21-Apr-2014,26.60,26.71,26.56,26.59,25131200
18-Apr-2014,26.56,26.56,26.56,26.56,33766490
17-Apr-2014,26.47,26.76,26.45,26.56,69658500
16-Apr-2014,26.01,26.20,25.89,26.12,33496500
15-Apr-2014,25.69,25.89,25.58,25.82,30287200
14-Apr-2014,25.58,25.75,25.43,25.71,25069200
11-Apr-2014,25.51,25.76,25.43,25.43,37325400
10-Apr-2014,26.09,26.11,25.57,25.58,36293700
09-Apr-2014,25.86,25.96,25.59,25.95,25180800
08-Apr-2014,25.76,25.92,25.67,25.75,26915900
07-Apr-2014,25.95,26.04,25.74,25.85,30438800
04-Apr-2014,26.37,26.40,25.99,26.02,33140800
03-Apr-2014,26.15,26.26,26.05,26.23,22259400
02-Apr-2014,25.92,26.06,25.87,26.04,26403700
01-Apr-2014,25.83,25.99,25.75,25.87,28498500
31-Mar-2014,26.02,26.08,25.81,25.89,32088900
28-Mar-2014,25.90,26.02,25.78,25.88,29691300
27-Mar-2014,25.58,25.85,25.51,25.81,29636300
26-Mar-2014,25.80,25.92,25.60,25.62,31830000
25-Mar-2014,25.58,25.71,25.39,25.70,31154400
24-Mar-2014,25.50,25.53,25.20,25.41,31150600
21-Mar-2014,25.69,25.83,25.34,25.40,55183700
20-Mar-2014,25.37,25.37,25.12,25.27,35712300
19-Mar-2014,25.64,25.70,25.11,25.28,35239800
18-Mar-2014,25.52,25.73,25.47,25.65,23785000
17-Mar-2014,25.25,25.63,25.25,25.43,45614000
14-Mar-2014,25.25,25.38,25.09,25.11,29461300
13-Mar-2014,26.00,26.00,25.21,25.34,37865000
12-Mar-2014,25.69,25.83,25.63,25.76,23490800
11-Mar-2014,26.06,26.10,25.76,25.90,24865800
10-Mar-2014,26.08,26.13,25.84,26.04,22291800
07-Mar-2014,26.32,26.35,25.97,26.13,27291200
06-Mar-2014,26.06,26.28,26.02,26.22,34919100
05-Mar-2014,25.78,25.96,25.65,25.93,30166100
04-Mar-2014,25.51,25.73,25.46,25.65,36679300
03-Mar-2014,25.20,25.21,24.92,25.12,34270200
28-Feb-2014,25.53,25.69,25.31,25.47,29454800
27-Feb-2014,25.21,25.56,25.15,25.50,22835200
26-Feb-2014,25.35,25.36,25.10,25.30,29785400
25-Feb-2014,25.38,25.48,25.17,25.27,33101300
24-Feb-2014,25.02,25.45,24.96,25.29,38053500
21-Feb-2014,25.12,25.19,24.94,24.94,37175600
20-Feb-2014,25.31,25.32,25.02,25.12,32303600
19-Feb-2014,25.68,25.77,25.37,25.40,33918300
18-Feb-2014,25.97,26.04,25.65,25.65,29255600
17-Feb-2014,25.74,25.74,25.74,25.74,31912490
14-Feb-2014,25.47,25.85,25.38,25.74,25088400
13-Feb-2014,25.23,25.44,25.11,25.44,32397900
12-Feb-2014,25.57,25.63,25.35,25.39,25231300
11-Feb-2014,25.21,25.52,25.16,25.43,32660900
10-Feb-2014,25.39,25.39,24.93,25.05,33039800
07-Feb-2014,25.20,25.28,25.00,25.19,34938400
06-Feb-2014,24.80,25.10,24.62,24.95,44732100
05-Feb-2014,24.46,24.64,24.32,24.52,40282000
04-Feb-2014,24.55,24.78,24.40,24.57,45872200
03-Feb-2014,25.12,25.21,24.32,24.35,75524600
31-Jan-2014,25.21,25.38,25.07,25.13,40348900
30-Jan-2014,25.50,25.59,25.33,25.50,30138900
29-Jan-2014,25.34,25.52,25.16,25.29,39649900
28-Jan-2014,25.33,25.62,25.30,25.46,50485000
27-Jan-2014,25.26,25.29,24.90,25.07,60605300
24-Jan-2014,25.57,25.59,24.95,24.95,95835500
23-Jan-2014,25.98,25.98,25.53,25.82,58063000
22-Jan-2014,26.30,26.31,25.99,25.99,48771200
21-Jan-2014,26.73,26.74,26.04,26.29,59981600
20-Jan-2014,26.58,26.58,26.58,26.58,54459990
17-Jan-2014,26.88,26.92,26.28,26.58,97353000
16-Jan-2014,27.22,27.27,27.08,27.20,32691400
15-Jan-2014,27.15,27.40,27.01,27.34,31886700
14-Jan-2014,26.86,27.00,26.74,26.97,24954300
13-Jan-2014,26.98,27.10,26.68,26.73,34457900
10-Jan-2014,27.19,27.23,26.86,26.96,38856800
09-Jan-2014,27.33,27.36,26.93,27.22,31319800
08-Jan-2014,27.35,27.36,27.12,27.21,25872000
07-Jan-2014,27.48,27.49,27.21,27.29,24745800
06-Jan-2014,27.66,27.73,27.15,27.26,29366200
03-Jan-2014,27.52,27.60,27.41,27.48,27575400
02-Jan-2014,27.86,27.94,27.41,27.50,41501600
01-Jan-2014,28.03,28.03,28.03,28.03,0
