MSFT
Date,Open,High,Low,Close,Volume
18-Mar-2016,54.92,54.97,53.44,53.49,67625500
17-Mar-2016,54.21,55.00,54.00,54.66,28223900
16-Mar-2016,53.45,54.60,53.40,54.35,31691700
15-Mar-2016,52.75,53.59,52.74,53.59,21104700
14-Mar-2016,52.71,53.59,52.63,53.17,24083600
11-Mar-2016,53.00,53.07,52.38,53.07,32275600
10-Mar-2016,52.93,52.94,51.16,52.05,38387800
09-Mar-2016,51.89,52.85,51.85,52.84,28251500
08-Mar-2016,50.80,52.13,50.60,51.65,33835100
07-Mar-2016,51.56,51.80,50.58,51.03,38428800
04-Mar-2016,52.40,52.45,51.71,52.03,33034100
03-Mar-2016,52.97,52.97,51.78,52.35,24427800
02-Mar-2016,52.41,52.96,52.15,52.95,29289800
01-Mar-2016,50.97,52.59,50.92,52.58,33024500
29-Feb-2016,51.35,51.65,50.66,50.88,31654000
26-Feb-2016,52.60,52.68,51.10,51.30,35975900
25-Feb-2016,51.73,52.10,50.61,52.10,26939400
24-Feb-2016,50.69,51.50,50.20,51.36,33014400
23-Feb-2016,52.34,52.37,50.98,51.18,28895200
22-Feb-2016,52.28,53.00,52.28,52.65,25008200
19-Feb-2016,51.97,52.28,51.53,51.82,33559000
18-Feb-2016,52.33,52.95,52.10,52.19,27176000
17-Feb-2016,51.49,52.77,51.45,52.42,40788900
16-Feb-2016,50.90,51.09,50.13,51.09,37291200
15-Feb-2016,50.50,50.50,50.50,50.50,39121290
12-Feb-2016,50.25,50.68,49.75,50.50,34243300
11-Feb-2016,48.68,50.11,48.51,49.69,48878500
10-Feb-2016,49.89,50.39,49.52,49.71,38236900
09-Feb-2016,49.02,50.24,48.67,49.28,46740400
08-Feb-2016,49.55,49.57,48.19,49.41,59290500
05-Feb-2016,51.94,52.00,49.56,50.16,62008900
04-Feb-2016,52.10,52.81,51.37,52.00,46987100
03-Feb-2016,53.25,53.39,51.26,52.16,57559800
02-Feb-2016,54.17,54.26,52.65,53.00,56313700
01-Feb-2016,54.88,55.09,54.49,54.71,44208500
29-Jan-2016,54.73,55.09,54.00,55.09,83611600
28-Jan-2016,51.86,52.21,51.25,52.06,62513700
27-Jan-2016,52.01,52.20,51.02,51.22,36775100
26-Jan-2016,51.79,52.44,51.55,52.17,28900800
25-Jan-2016,51.94,52.65,51.65,51.79,34707700
22-Jan-2016,51.41,52.33,51.26,52.29,37555700
21-Jan-2016,51.00,51.58,50.30,50.48,40191100
20-Jan-2016,49.98,51.38,49.10,50.79,63272900
19-Jan-2016,51.48,51.68,50.06,50.56,43564500
18-Jan-2016,50.99,50.99,50.99,50.99,48341720
15-Jan-2016,51.31,51.97,50.34,50.99,71820700
14-Jan-2016,52.00,53.42,51.57,53.11,52381900
13-Jan-2016,53.80,54.07,51.30,51.64,66883500
12-Jan-2016,52.76,53.10,52.06,52.78,36095500
11-Jan-2016,52.51,52.85,51.46,52.30,36943700
08-Jan-2016,52.37,53.28,52.15,52.33,48753900
07-Jan-2016,52.70,53.49,52.07,52.17,56564800
06-Jan-2016,54.32,54.40,53.64,54.05,39518800
05-Jan-2016,54.93,55.39,54.54,55.05,34079600
04-Jan-2016,54.32,54.80,53.39,54.80,53777900
01-Jan-2016,55.48,55.48,55.48,55.48,34149310
31-Dec-2015,56.04,56.19,55.42,55.48,27334000
30-Dec-2015,56.47,56.78,56.29,56.31,21704500
29-Dec-2015,56.29,56.85,56.06,56.55,27731400
28-Dec-2015,55.35,55.95,54.98,55.95,22458200
25-Dec-2015,55.67,55.67,55.67,55.67,32047981
24-Dec-2015,55.86,55.96,55.43,55.67,9570000
23-Dec-2015,55.70,55.88,55.44,55.82,27279800
22-Dec-2015,54.99,55.48,54.50,55.35,28322200
21-Dec-2015,54.88,55.35,54.23,54.83,37246300
18-Dec-2015,55.77,56.00,54.03,54.13,84684100
17-Dec-2015,56.36,56.79,55.53,55.70,41280900
16-Dec-2015,55.54,56.24,54.76,56.13,37503300
15-Dec-2015,55.66,55.90,55.09,55.20,39842900
14-Dec-2015,54.33,55.21,53.68,55.14,47006400
11-Dec-2015,54.71,55.10,54.01,54.06,39549400
10-Dec-2015,55.39,55.65,55.01,55.27,31775800
09-Dec-2015,55.37,55.87,54.51,54.98,36373200
08-Dec-2015,55.47,56.10,54.99,55.79,32878000
07-Dec-2015,55.79,55.97,55.29,55.81,30709700
04-Dec-2015,54.12,56.23,54.10,55.91,43963600
03-Dec-2015,55.49,55.77,53.93,54.20,38627800
02-Dec-2015,55.32,55.96,55.06,55.21,47274800
01-Dec-2015,54.41,55.23,54.30,55.22,39952700
30-Nov-2015,54.54,54.96,54.00,54.35,56241400
27-Nov-2015,53.80,54.08,53.79,53.93,9009100
26-Nov-2015,53.69,53.69,53.69,53.69,33024310
25-Nov-2015,54.09,54.23,53.69,53.69,21005100
24-Nov-2015,53.92,54.44,53.58,54.25,24599500
23-Nov-2015,54.25,54.46,53.75,54.19,28235900
20-Nov-2015,54.25,54.30,53.26,54.19,37147600
19-Nov-2015,53.99,54.66,53.78,53.94,28149200
18-Nov-2015,53.00,53.98,52.98,53.85,29710000
17-Nov-2015,53.17,53.53,52.85,52.97,31551200
16-Nov-2015,53.08,53.89,52.85,53.76,32165100
13-Nov-2015,53.07,53.29,52.53,52.84,36848100
12-Nov-2015,53.48,53.98,53.19,53.32,35361000
11-Nov-2015,53.70,54.20,53.46,53.65,36516200
10-Nov-2015,54.07,54.13,53.27,53.51,55283600
09-Nov-2015,54.55,54.87,53.56,54.16,32513000
06-Nov-2015,54.08,54.98,53.96,54.92,32851200
05-Nov-2015,54.49,54.70,54.00,54.38,31468400
04-Nov-2015,54.18,54.88,54.06,54.40,37042700
03-Nov-2015,52.93,54.39,52.90,54.15,36547800
02-Nov-2015,52.85,53.36,52.62,53.24,30284900
30-Oct-2015,53.32,53.99,52.62,52.64,46619700
29-Oct-2015,53.54,53.83,53.22,53.36,30202000
28-Oct-2015,53.54,53.98,52.86,53.96,46513944
27-Oct-2015,53.99,54.37,53.58,53.69,50999900
26-Oct-2015,52.53,54.32,52.50,54.25,64633300
23-Oct-2015,52.30,54.07,52.25,52.87,135075300
22-Oct-2015,47.53,48.95,47.09,48.03,56637000
21-Oct-2015,47.92,47.99,47.11,47.20,25264700
20-Oct-2015,47.44,47.81,47.02,47.77,30793900
19-Oct-2015,47.42,47.88,47.02,47.62,30706045
16-Oct-2015,47.02,47.54,46.90,47.51,26450300
15-Oct-2015,47.01,47.03,46.53,47.01,27189300
14-Oct-2015,46.65,47.10,46.53,46.68,24697700
13-Oct-2015,46.56,47.13,46.56,46.89,19987800
12-Oct-2015,46.98,47.07,46.50,47.00,19769000
09-Oct-2015,47.45,47.54,46.92,47.11,28597400
08-Oct-2015,46.56,47.51,46.50,47.45,33772700
07-Oct-2015,47.10,47.35,45.95,46.80,27711400
06-Oct-2015,46.33,47.17,46.22,46.75,27510800
05-Oct-2015,45.74,46.89,45.70,46.63,34369200
02-Oct-2015,44.27,45.57,43.92,45.57,41839000
01-Oct-2015,44.75,44.75,43.75,44.61,28657800
30-Sep-2015,43.88,44.30,43.66,44.26,34958800
29-Sep-2015,43.37,43.57,43.05,43.44,32763500
28-Sep-2015,43.83,44.08,43.21,43.29,27613700
25-Sep-2015,44.48,44.73,43.76,43.94,29384600
24-Sep-2015,43.45,44.13,43.27,43.91,27905600
23-Sep-2015,43.93,44.17,43.51,43.87,17145200
22-Sep-2015,43.38,44.05,43.31,43.90,28085900
21-Sep-2015,43.62,44.47,43.60,44.11,26177200
18-Sep-2015,43.50,43.99,43.33,43.48,63143600
17-Sep-2015,44.29,45.00,44.08,44.25,32768100
16-Sep-2015,43.97,44.38,43.84,44.30,23372100
15-Sep-2015,43.19,44.29,43.08,43.98,28882200
14-Sep-2015,43.43,43.44,42.86,43.04,23656000
11-Sep-2015,43.14,43.59,42.94,43.48,27132500
10-Sep-2015,43.12,43.79,42.74,43.29,31366600
09-Sep-2015,44.21,44.40,42.91,43.07,33469400
08-Sep-2015,43.30,44.00,43.20,43.89,32469700
07-Sep-2015,42.61,42.61,42.61,42.61,33532000
04-Sep-2015,42.81,43.04,42.19,42.61,37138700
03-Sep-2015,43.41,43.98,43.28,43.50,28285200
02-Sep-2015,42.36,43.38,41.88,43.36,37671500
01-Sep-2015,42.17,42.59,41.66,41.82,49688800
31-Aug-2015,43.56,43.93,43.10,43.52,34441600
28-Aug-2015,43.40,44.15,43.39,43.93,28246700
27-Aug-2015,43.23,43.95,42.92,43.90,50943200
26-Aug-2015,42.01,42.84,41.06,42.71,63408000
25-Aug-2015,42.56,43.24,40.39,40.47,70616500
24-Aug-2015,40.45,43.31,39.72,41.68,88753600
21-Aug-2015,45.30,45.48,43.07,43.07,70053000
20-Aug-2015,46.07,46.47,45.66,45.66,36238200
19-Aug-2015,46.78,47.08,46.30,46.61,31485500
18-Aug-2015,46.84,47.43,46.70,47.27,23574100
17-Aug-2015,46.81,47.45,46.57,47.32,21099700
14-Aug-2015,46.53,47.10,46.52,47.00,21473400
13-Aug-2015,47.06,47.10,46.49,46.73,22627200
12-Aug-2015,46.19,46.90,45.71,46.74,30198500
11-Aug-2015,46.82,46.94,45.90,46.41,29237400
10-Aug-2015,46.95,47.49,46.84,47.33,23079800
07-Aug-2015,46.39,46.78,46.26,46.74,19163000
06-Aug-2015,47.71,47.77,46.33,46.62,27368000
05-Aug-2015,47.98,48.41,47.54,47.58,26959600
04-Aug-2015,46.75,47.71,46.68,47.54,33403900
03-Aug-2015,46.98,47.00,46.45,46.81,24125800
31-Jul-2015,47.29,47.37,46.50,46.70,31201400
30-Jul-2015,46.26,47.40,45.93,46.88,39777800
29-Jul-2015,45.40,46.78,45.26,46.29,40945800
28-Jul-2015,45.58,45.64,44.79,45.34,34328900
27-Jul-2015,45.94,46.01,45.25,45.35,39701400
24-Jul-2015,45.91,46.32,45.80,45.94,32333200
23-Jul-2015,45.27,46.23,45.10,46.11,33934000
22-Jul-2015,45.44,46.93,45.20,45.54,59152400
21-Jul-2015,46.78,47.33,46.48,47.28,42781900
20-Jul-2015,46.65,47.13,46.44,46.92,30631900
17-Jul-2015,46.55,46.78,46.26,46.62,29467100
16-Jul-2015,46.01,46.69,45.97,46.66,26271600
15-Jul-2015,45.68,45.89,45.43,45.76,26629600
14-Jul-2015,45.45,45.96,45.31,45.62,22880200
13-Jul-2015,44.97,45.62,44.95,45.54,28178300
10-Jul-2015,45.01,45.14,44.57,44.61,25465700
09-Jul-2015,44.75,45.22,44.50,44.52,32424600
08-Jul-2015,44.44,44.90,44.03,44.24,39785900
07-Jul-2015,44.34,44.49,43.32,44.30,36435800
06-Jul-2015,43.96,44.48,43.95,44.39,23033900
03-Jul-2015,44.40,44.40,44.40,44.40,32710400
02-Jul-2015,44.48,44.75,44.06,44.40,21752000
01-Jul-2015,44.46,45.23,44.10,44.44,28343900
30-Jun-2015,44.71,44.72,43.94,44.15,35945300
29-Jun-2015,45.04,45.23,44.36,44.37,34081700
26-Jun-2015,45.79,46.28,45.03,45.26,49835200
25-Jun-2015,46.01,46.06,45.50,45.65,20615900
24-Jun-2015,45.67,46.24,45.55,45.63,34890900
23-Jun-2015,46.14,46.28,45.62,45.91,25896400
22-Jun-2015,46.33,46.72,46.16,46.23,20318000
19-Jun-2015,46.79,46.83,45.99,46.10,63837000
18-Jun-2015,46.21,46.80,46.17,46.72,32658300
17-Jun-2015,45.73,46.07,45.36,45.97,28704000
16-Jun-2015,45.49,46.24,45.30,45.83,27070300
15-Jun-2015,45.45,45.65,45.02,45.47,33254500
12-Jun-2015,46.22,46.47,45.90,45.97,23916000
11-Jun-2015,46.66,46.92,46.13,46.44,27347700
10-Jun-2015,45.79,46.83,45.69,46.61,28417400
09-Jun-2015,45.76,45.94,45.46,45.65,24406000
08-Jun-2015,46.30,46.43,45.67,45.73,22121600
05-Jun-2015,46.30,46.52,45.84,46.14,25438000
04-Jun-2015,46.79,47.16,46.20,46.36,27745500
03-Jun-2015,47.37,47.74,46.82,46.85,28002100
02-Jun-2015,46.95,47.35,46.62,46.92,21498300
01-Jun-2015,47.06,47.77,46.62,47.23,28837300
29-May-2015,47.43,47.57,46.59,46.86,36519500
28-May-2015,47.50,48.02,47.39,47.45,19283600
27-May-2015,46.82,47.77,46.62,47.61,27335600
26-May-2015,46.83,46.88,46.19,46.59,29581800
25-May-2015,46.90,46.90,46.90,46.90,26744810
22-May-2015,47.30,47.35,46.82,46.90,25720500
21-May-2015,47.30,47.60,47.01,47.42,22410600
20-May-2015,47.39,47.93,47.27,47.58,25047900
19-May-2015,47.62,47.81,47.18,47.58,28574800
18-May-2015,47.98,48.22,47.61,48.01,24136500
15-May-2015,48.90,48.90,48.05,48.29,28642600
14-May-2015,48.03,48.82,48.03,48.72,32980800
13-May-2015,48.19,48.32,47.57,47.63,34184600
12-May-2015,46.85,47.68,46.42,47.35,29928200
11-May-2015,47.55,47.91,47.37,47.37,24609400
08-May-2015,47.56,47.98,47.52,47.75,35364900
07-May-2015,46.26,47.08,46.16,46.70,32971600
06-May-2015,47.74,47.77,46.02,46.28,52433000
05-May-2015,47.82,48.16,47.31,47.60,50369100
04-May-2015,48.37,48.87,48.18,48.24,34039400
01-May-2015,48.58,48.88,48.40,48.65,38937300
30-Apr-2015,48.70,49.54,48.60,48.64,64725400
29-Apr-2015,48.72,49.31,48.50,49.06,47804500
28-Apr-2015,47.78,49.21,47.70,49.15,60730700
27-Apr-2015,47.23,48.13,47.22,48.03,59248100
24-Apr-2015,45.66,48.14,45.65,47.87,130933600
23-Apr-2015,42.89,43.61,42.80,43.34,46309500
22-Apr-2015,42.67,43.13,42.55,42.99,25064200
21-Apr-2015,43.00,43.15,42.53,42.63,26013800
20-Apr-2015,41.86,43.17,41.68,42.90,46057700
17-Apr-2015,41.67,41.74,41.16,41.62,42387600
16-Apr-2015,41.95,42.34,41.82,42.16,22509600
15-Apr-2015,41.76,42.46,41.68,42.26,27343500
14-Apr-2015,41.80,42.03,41.39,41.65,24244300
13-Apr-2015,41.50,42.06,41.39,41.76,30276600
10-Apr-2015,41.48,41.95,41.41,41.72,28022000
09-Apr-2015,41.25,41.62,41.25,41.48,25723800
08-Apr-2015,41.46,41.69,41.04,41.42,24753400
07-Apr-2015,41.56,41.91,41.31,41.53,28809300
06-Apr-2015,40.34,41.78,40.18,41.54,39223600
03-Apr-2015,40.29,40.29,40.29,40.29,32522300
02-Apr-2015,40.66,40.74,40.12,40.29,37487400
01-Apr-2015,40.63,40.76,40.31,40.72,36865300
31-Mar-2015,40.78,41.03,40.54,40.65,34887200
30-Mar-2015,41.10,41.54,40.91,40.96,35049600
27-Mar-2015,41.12,41.43,40.83,40.97,34401400
26-Mar-2015,41.22,41.61,40.92,41.21,37495600
25-Mar-2015,42.92,42.92,41.44,41.46,43469900
24-Mar-2015,42.78,43.17,42.75,42.90,25513200
23-Mar-2015,42.90,43.13,42.78,42.85,26246000
20-Mar-2015,42.56,42.98,42.49,42.88,71904500
19-Mar-2015,42.25,42.59,42.22,42.28,33879000
18-Mar-2015,41.43,42.83,41.33,42.50,44194700
17-Mar-2015,41.37,41.83,41.15,41.69,31673400
16-Mar-2015,41.47,41.64,41.28,41.56,35273400
13-Mar-2015,40.70,41.47,40.61,41.38,58007700
12-Mar-2015,41.33,41.65,40.86,41.02,59992500
11-Mar-2015,42.32,42.37,41.84,41.98,32215300
10-Mar-2015,42.35,42.71,42.03,42.03,39159700
09-Mar-2015,42.19,43.13,42.19,42.85,32107900
06-Mar-2015,43.00,43.11,42.15,42.36,36248700
05-Mar-2015,43.07,43.24,42.82,43.11,23193500
04-Mar-2015,43.01,43.21,42.88,43.06,25748600
03-Mar-2015,43.56,43.83,43.09,43.28,31748600
02-Mar-2015,43.67,44.19,43.55,43.88,31924000
27-Feb-2015,44.14,44.20,43.66,43.85,33807700
26-Feb-2015,43.99,44.23,43.89,44.06,28957300
25-Feb-2015,43.95,44.09,43.80,43.99,29759800
24-Feb-2015,44.15,44.30,43.92,44.09,25271700
23-Feb-2015,43.70,44.19,43.65,44.15,32518700
20-Feb-2015,43.50,43.88,43.29,43.85,29721100
19-Feb-2015,43.27,43.53,43.05,43.50,27603400
18-Feb-2015,43.63,43.70,43.39,43.53,27111600
17-Feb-2015,43.97,44.00,43.19,43.58,33695700
16-Feb-2015,43.87,43.87,43.87,43.87,32349820
13-Feb-2015,43.38,43.87,43.15,43.87,40264800
12-Feb-2015,42.69,43.09,42.51,43.09,33268800
11-Feb-2015,42.65,42.65,42.21,42.38,38262500
10-Feb-2015,42.74,42.77,42.18,42.60,29670600
09-Feb-2015,42.24,42.74,42.21,42.36,31381000
06-Feb-2015,42.68,42.79,42.15,42.41,34616500
05-Feb-2015,42.22,42.64,41.85,42.45,36548100
04-Feb-2015,41.94,42.21,41.36,41.84,41614800
03-Feb-2015,41.63,41.93,41.04,41.60,52082400
02-Feb-2015,40.59,41.37,40.23,41.28,50352500
30-Jan-2015,41.55,41.58,40.35,40.40,78004900
29-Jan-2015,40.93,42.12,40.79,42.01,63585200
28-Jan-2015,42.74,42.79,41.16,41.19,84507000
27-Jan-2015,42.95,43.20,42.10,42.66,169163900
26-Jan-2015,47.00,47.13,46.24,47.01,42525500
23-Jan-2015,47.36,47.39,46.80,47.18,26211500
22-Jan-2015,46.49,47.13,46.08,47.13,35898000
21-Jan-2015,45.94,46.14,45.48,45.92,39081100
20-Jan-2015,46.30,46.65,45.57,46.39,36161800
19-Jan-2015,46.24,46.24,46.24,46.24,33696570
16-Jan-2015,45.31,46.28,45.17,46.24,35695200
15-Jan-2015,46.22,46.38,45.41,45.48,32750700
14-Jan-2015,45.96,46.24,45.62,45.96,29719500
13-Jan-2015,46.97,47.91,46.06,46.35,35270600
12-Jan-2015,47.42,47.54,46.36,46.60,23651800
09-Jan-2015,47.61,47.82,46.90,47.19,23944100
08-Jan-2015,46.75,47.75,46.72,47.59,29645200
07-Jan-2015,45.98,46.46,45.49,46.23,29114000
06-Jan-2015,46.38,46.75,45.54,45.65,36447800
05-Jan-2015,46.37,46.73,46.25,46.33,39673800
02-Jan-2015,46.66,47.42,46.54,46.76,27913800
01-Jan-2015,46.45,46.45,46.45,46.45,23981160
31-Dec-2014,46.73,47.44,46.45,46.45,21552400
30-Dec-2014,47.44,47.62,46.84,47.02,16384600
29-Dec-2014,47.70,47.78,47.26,47.45,14439500
26-Dec-2014,48.41,48.41,47.82,47.88,13197800
25-Dec-2014,48.14,48.14,48.14,48.14,25587716
24-Dec-2014,48.64,48.64,48.08,48.14,11442700
23-Dec-2014,48.37,48.80,48.13,48.45,23656500
22-Dec-2014,47.78,48.12,47.71,47.98,26565900
19-Dec-2014,47.61,48.10,47.17,47.66,64551100
18-Dec-2014,46.58,47.52,46.34,47.52,40105500
17-Dec-2014,45.05,45.94,44.90,45.74,34970800
16-Dec-2014,45.90,46.34,45.13,45.16,47765700
15-Dec-2014,47.20,47.67,46.55,46.67,29247700
12-Dec-2014,46.68,47.73,46.67,46.95,34248300
11-Dec-2014,47.08,47.74,46.68,47.17,29061900
10-Dec-2014,47.58,47.66,46.70,46.90,30431700
09-Dec-2014,47.11,47.92,47.05,47.59,24330500
08-Dec-2014,48.32,48.35,47.44,47.69,26663100
05-Dec-2014,48.82,48.97,48.38,48.42,27313400
04-Dec-2014,48.39,49.06,48.20,48.84,30345100
03-Dec-2014,48.44,48.50,47.81,48.08,23534700
02-Dec-2014,48.84,49.05,48.20,48.46,25773400
01-Dec-2014,47.88,48.78,47.71,48.62,31191500
28-Nov-2014,47.95,48.19,47.61,47.81,21534400
27-Nov-2014,47.75,47.75,47.75,47.75,28738120
26-Nov-2014,47.49,47.99,47.28,47.75,27164800
25-Nov-2014,47.66,47.97,47.45,47.47,28007900
24-Nov-2014,47.99,48.00,47.39,47.59,35434200
21-Nov-2014,49.02,49.05,47.57,47.98,42884700
20-Nov-2014,48.00,48.70,47.87,48.70,21510500
19-Nov-2014,48.66,48.75,47.93,48.22,26177400
18-Nov-2014,49.13,49.33,48.70,48.74,23996400
17-Nov-2014,49.41,49.71,49.14,49.46,30318600
14-Nov-2014,49.74,50.04,49.39,49.58,29081600
13-Nov-2014,48.81,49.65,48.71,49.61,26210400
12-Nov-2014,48.56,48.92,48.52,48.78,22722100
11-Nov-2014,48.85,48.93,48.65,48.87,23445200
10-Nov-2014,48.69,49.15,48.55,48.89,36370000
07-Nov-2014,48.92,48.92,48.29,48.68,28000500
06-Nov-2014,47.86,48.86,47.79,48.70,33037800
05-Nov-2014,47.80,47.90,47.26,47.86,22449500
04-Nov-2014,47.30,47.73,47.25,47.57,21530800
03-Nov-2014,46.89,47.46,46.73,47.44,23130300
31-Oct-2014,46.94,46.97,46.48,46.95,35849600
30-Oct-2014,46.30,46.32,45.77,46.05,30073800
29-Oct-2014,46.44,46.70,46.34,46.62,30283600
28-Oct-2014,45.86,46.50,45.77,46.49,29049700
27-Oct-2014,45.71,46.10,45.71,45.91,30371300
24-Oct-2014,46.81,46.90,45.18,46.13,61081000
23-Oct-2014,44.67,45.44,44.53,45.02,45451800
22-Oct-2014,45.00,45.07,44.22,44.38,33579800
21-Oct-2014,44.36,44.97,44.19,44.88,36433800
20-Oct-2014,43.06,44.14,42.81,44.08,34530800
17-Oct-2014,43.20,43.94,42.79,43.63,40683300
16-Oct-2014,42.53,43.08,42.22,42.74,49040900
15-Oct-2014,42.99,43.39,42.10,43.22,60220900
14-Oct-2014,43.87,44.38,43.56,43.73,38120500
13-Oct-2014,43.82,44.56,43.49,43.65,37100200
10-Oct-2014,45.60,46.12,43.95,44.03,51978100
09-Oct-2014,46.50,46.80,45.74,45.85,34426500
08-Oct-2014,45.49,46.89,45.34,46.78,33030900
07-Oct-2014,45.86,45.93,45.42,45.53,25724500
06-Oct-2014,46.12,46.30,45.92,46.09,20603900
03-Oct-2014,45.98,46.30,45.61,46.09,32453200
02-Oct-2014,45.83,46.10,45.64,45.76,25119500
01-Oct-2014,46.27,46.53,45.85,45.90,38088300
30-Sep-2014,46.37,46.48,46.01,46.36,33033000
29-Sep-2014,45.98,46.56,45.76,46.44,26090900
26-Sep-2014,45.93,46.62,45.76,46.41,27078700
25-Sep-2014,46.88,47.09,46.03,46.04,33077300
24-Sep-2014,46.63,47.11,46.34,47.08,26582700
23-Sep-2014,46.85,46.98,46.47,46.56,33431000
22-Sep-2014,47.30,47.38,46.98,47.06,38686000
19-Sep-2014,46.81,47.57,46.60,47.52,202526500
18-Sep-2014,46.59,46.83,46.46,46.68,35556600
17-Sep-2014,46.28,46.69,46.23,46.52,38311900
16-Sep-2014,46.39,46.85,46.29,46.76,27910500
15-Sep-2014,46.54,46.71,46.10,46.24,37667600
12-Sep-2014,46.93,47.02,46.60,46.69,38247100
11-Sep-2014,46.74,47.00,46.47,47.00,29216500
10-Sep-2014,46.82,46.94,46.28,46.84,27304400
09-Sep-2014,46.47,46.97,46.42,46.76,40302300
08-Sep-2014,46.02,46.80,45.99,46.47,45736700
05-Sep-2014,45.11,45.93,45.11,45.91,36939300
04-Sep-2014,44.74,45.27,44.72,45.26,26478000
03-Sep-2014,44.53,45.11,44.53,44.96,33689300
02-Sep-2014,45.43,45.46,44.85,45.09,22976700
01-Sep-2014,45.43,45.43,45.43,45.43,25816160
29-Aug-2014,45.09,45.44,44.85,45.43,21608600
28-Aug-2014,44.75,44.98,44.61,44.88,17657600
27-Aug-2014,44.90,45.00,44.76,44.87,21287900
26-Aug-2014,45.31,45.40,44.94,45.01,14877600
25-Aug-2014,45.40,45.44,45.04,45.17,16909900
22-Aug-2014,45.31,45.47,45.07,45.15,18294700
21-Aug-2014,44.84,45.25,44.83,45.22,22285500
20-Aug-2014,45.34,45.40,44.90,44.95,24770400
19-Aug-2014,44.97,45.34,44.83,45.33,28139400
18-Aug-2014,44.94,45.11,44.68,45.11,26895300
15-Aug-2014,44.58,44.90,44.40,44.79,41611300
14-Aug-2014,44.08,44.42,44.01,44.27,19313100
13-Aug-2014,43.68,44.18,43.52,44.08,22889400
12-Aug-2014,43.04,43.59,43.00,43.52,21433500
11-Aug-2014,43.26,43.45,43.02,43.20,20351600
08-Aug-2014,43.23,43.31,42.91,43.20,28943000
07-Aug-2014,42.84,43.45,42.65,43.23,30315100
06-Aug-2014,42.74,43.17,42.21,42.74,24633900
05-Aug-2014,43.31,43.46,42.83,43.08,26267500
04-Aug-2014,42.97,43.47,42.81,43.37,34277300
01-Aug-2014,43.21,43.25,42.60,42.86,31171000
31-Jul-2014,43.38,43.69,43.08,43.16,31540800
30-Jul-2014,44.07,44.10,43.29,43.58,31925700
29-Jul-2014,43.91,44.09,43.64,43.88,27764100
28-Jul-2014,44.36,44.51,43.93,43.97,29687600
25-Jul-2014,44.30,44.66,44.30,44.50,26737700
24-Jul-2014,44.93,45.00,44.32,44.40,30725300
23-Jul-2014,45.45,45.45,44.62,44.87,52363900
22-Jul-2014,45.00,45.15,44.59,44.83,43095800
21-Jul-2014,44.56,45.16,44.22,44.83,37604300
18-Jul-2014,44.65,44.84,44.25,44.69,43407400
17-Jul-2014,45.45,45.71,44.25,44.53,82180200
16-Jul-2014,42.50,44.31,42.48,44.08,63322300
15-Jul-2014,42.33,42.47,42.03,42.45,28758900
14-Jul-2014,42.22,42.45,42.04,42.14,21882900
11-Jul-2014,41.70,42.09,41.48,42.09,24087300
10-Jul-2014,41.37,42.00,41.05,41.69,21856800
09-Jul-2014,41.94,41.99,41.53,41.67,18445900
08-Jul-2014,41.88,42.00,41.61,41.78,31218200
07-Jul-2014,41.75,42.12,41.71,41.99,21953600
04-Jul-2014,41.80,41.80,41.80,41.80,28610940
03-Jul-2014,41.92,41.99,41.56,41.80,15969300
02-Jul-2014,41.74,41.90,41.53,41.90,20208500
01-Jul-2014,41.86,42.15,41.69,41.87,26922500
30-Jun-2014,42.17,42.21,41.70,41.70,30805400
27-Jun-2014,41.61,42.29,41.51,42.25,74641900
26-Jun-2014,41.93,41.94,41.43,41.72,23604400
25-Jun-2014,41.70,42.05,41.46,42.03,20051500
24-Jun-2014,41.83,41.94,41.56,41.74,26518200
23-Jun-2014,41.71,42.00,41.69,41.99,18743900
20-Jun-2014,41.42,41.83,41.38,41.68,47679500
19-Jun-2014,41.63,41.77,41.33,41.51,19837700
18-Jun-2014,41.60,41.74,41.18,41.65,27097200
17-Jun-2014,41.29,41.91,40.33,41.68,22518600
16-Jun-2014,41.04,41.61,41.04,41.50,24205200
13-Jun-2014,41.07,41.56,40.86,41.23,26310600
12-Jun-2014,40.81,40.88,40.29,40.58,29823000
11-Jun-2014,40.93,41.07,40.76,40.86,18039900
10-Jun-2014,41.03,41.16,40.86,41.11,15117600
09-Jun-2014,41.43,41.48,41.02,41.27,15019400
06-Jun-2014,41.47,41.66,41.24,41.48,24060500
05-Jun-2014,40.59,41.25,40.40,41.21,31865200
04-Jun-2014,40.21,40.37,39.86,40.32,23210300
03-Jun-2014,40.60,40.68,40.25,40.29,18071000
02-Jun-2014,40.95,41.09,40.68,40.79,18504300
30-May-2014,40.45,40.97,40.25,40.94,34575500
29-May-2014,40.15,40.35,39.91,40.34,19893800
28-May-2014,40.14,40.19,39.82,40.01,25711500
27-May-2014,40.22,40.26,39.81,40.19,26161100
26-May-2014,40.12,40.12,40.12,40.12,23132840
23-May-2014,40.30,40.37,40.00,40.12,18020800
22-May-2014,40.29,40.35,39.85,40.10,20202400
21-May-2014,39.80,40.35,39.74,40.35,22399300
20-May-2014,39.75,39.94,39.46,39.68,21322300
19-May-2014,39.61,39.82,39.46,39.75,24537400
16-May-2014,39.67,39.84,39.27,39.83,29868200
15-May-2014,40.09,40.40,39.51,39.60,37793200
14-May-2014,40.30,40.45,40.05,40.24,18818700
13-May-2014,39.92,40.50,39.85,40.42,27004700
12-May-2014,39.74,40.02,39.65,39.97,22787100
09-May-2014,39.54,39.85,39.37,39.54,29647600
08-May-2014,39.34,39.90,38.97,39.64,32123000
07-May-2014,39.21,39.51,38.51,39.42,41749400
06-May-2014,39.29,39.35,38.95,39.06,27112300
05-May-2014,39.52,39.64,39.30,39.43,22460900
02-May-2014,40.32,40.34,39.66,39.69,43417900
01-May-2014,40.24,40.36,39.95,40.00,28791400
30-Apr-2014,40.37,40.50,40.17,40.40,35464100
29-Apr-2014,41.10,41.19,40.39,40.51,29637300
28-Apr-2014,40.14,41.29,40.09,40.87,50610200
25-Apr-2014,40.29,40.68,39.75,39.91,56883800
24-Apr-2014,39.75,39.97,39.30,39.86,42381500
23-Apr-2014,39.98,39.99,39.47,39.69,24602700
22-Apr-2014,39.96,40.14,39.83,39.99,27057200
21-Apr-2014,40.11,40.15,39.79,39.94,22222200
18-Apr-2014,40.01,40.01,40.01,40.01,34077150
17-Apr-2014,40.01,40.19,39.51,40.01,36689400
16-Apr-2014,40.06,40.42,39.90,40.40,30616300
15-Apr-2014,39.30,39.96,39.05,39.75,33978600
14-Apr-2014,39.11,39.41,38.90,39.18,32006600
11-Apr-2014,39.00,39.79,39.00,39.21,34333200
10-Apr-2014,40.44,40.69,39.09,39.36,45960800
09-Apr-2014,39.93,40.55,39.88,40.47,27398600
08-Apr-2014,39.75,39.93,39.20,39.82,35919600
07-Apr-2014,39.96,40.27,39.74,39.80,37559600
04-Apr-2014,41.25,41.39,39.64,39.87,51409500
03-Apr-2014,41.29,41.29,40.71,41.01,30139500
02-Apr-2014,41.44,41.66,41.17,41.35,28666600
01-Apr-2014,41.14,41.59,41.07,41.42,32610300
31-Mar-2014,40.40,41.50,40.40,40.99,46886200
28-Mar-2014,39.79,40.63,39.68,40.30,43472700
27-Mar-2014,39.74,39.97,39.34,39.36,35369100
26-Mar-2014,40.49,40.71,39.60,39.79,41982900
25-Mar-2014,40.66,40.99,39.96,40.34,43193100
24-Mar-2014,40.37,40.64,39.86,40.50,46098300
21-Mar-2014,40.72,40.94,40.01,40.16,80731900
20-Mar-2014,39.25,40.65,39.24,40.33,59269800
19-Mar-2014,39.38,39.55,38.91,39.27,35597200
18-Mar-2014,38.26,39.90,38.22,39.55,64063800
17-Mar-2014,37.91,38.41,37.79,38.05,20479600
14-Mar-2014,37.65,38.13,37.51,37.70,27195600
13-Mar-2014,38.42,38.45,37.64,37.89,32169600
12-Mar-2014,37.79,38.43,37.79,38.27,30496200
11-Mar-2014,37.87,38.23,37.72,38.02,25218100
10-Mar-2014,37.97,38.01,37.72,37.82,19007800
07-Mar-2014,38.30,38.36,37.69,37.90,26596600
06-Mar-2014,38.14,38.24,37.89,38.15,23605300
05-Mar-2014,38.25,38.27,37.93,38.11,20520400
04-Mar-2014,38.20,38.48,38.07,38.41,26868300
03-Mar-2014,37.92,38.13,37.49,37.78,29726700
28-Feb-2014,37.99,38.46,37.82,38.31,41217000
27-Feb-2014,37.45,37.89,37.23,37.86,33919000
26-Feb-2014,37.58,37.74,37.19,37.47,41042600
25-Feb-2014,37.65,37.85,37.35,37.54,30867600
24-Feb-2014,37.69,37.97,37.54,37.69,32143300
21-Feb-2014,37.94,38.35,37.86,37.98,38030600
20-Feb-2014,37.56,37.87,37.40,37.75,27541000
19-Feb-2014,37.22,37.75,37.21,37.51,29794000
18-Feb-2014,37.65,37.78,37.41,37.42,32839700
17-Feb-2014,37.62,37.62,37.62,37.62,32698570
14-Feb-2014,37.39,37.78,37.33,37.62,42986700
13-Feb-2014,37.33,37.86,37.33,37.61,37647700
12-Feb-2014,37.35,37.60,37.30,37.47,27055800
11-Feb-2014,36.88,37.26,36.86,37.17,32164900
10-Feb-2014,36.62,36.80,36.29,36.80,26782000
07-Feb-2014,36.29,36.59,36.01,36.56,33348000
06-Feb-2014,35.81,36.25,35.69,36.18,35380900
05-Feb-2014,36.29,36.47,35.80,35.82,55841100
04-Feb-2014,36.97,37.19,36.25,36.35,55526900
03-Feb-2014,37.77,37.99,36.43,36.48,64102300
31-Jan-2014,36.96,37.89,36.56,37.84,93190700
30-Jan-2014,36.74,36.88,36.23,36.86,35111900
29-Jan-2014,35.98,36.88,35.90,36.66,52790300
28-Jan-2014,36.12,36.39,35.75,36.27,36225700
27-Jan-2014,36.87,36.89,35.98,36.03,44485700
24-Jan-2014,37.45,37.55,36.53,36.81,77051800
23-Jan-2014,36.09,36.13,35.52,36.06,44515100
22-Jan-2014,36.26,36.32,35.75,35.93,21965200
21-Jan-2014,36.77,36.82,36.06,36.17,31578900
20-Jan-2014,36.38,36.38,36.38,36.38,43639170
17-Jan-2014,36.83,36.83,36.15,36.38,46298700
16-Jan-2014,36.69,37.00,36.31,36.89,38035700
15-Jan-2014,35.88,36.79,35.85,36.76,44909500
14-Jan-2014,34.73,35.88,34.63,35.78,41627300
13-Jan-2014,35.99,36.02,34.83,34.98,45923800
10-Jan-2014,35.90,36.15,35.75,36.04,40558700
09-Jan-2014,35.88,35.91,35.40,35.53,36520400
08-Jan-2014,36.00,36.14,35.58,35.76,59979500
07-Jan-2014,36.33,36.49,36.21,36.41,35924700
06-Jan-2014,36.85,36.89,36.11,36.13,43615000
03-Jan-2014,37.20,37.22,36.60,36.91,31134700
02-Jan-2014,37.35,37.40,37.10,37.16,30643700
01-Jan-2014,37.41,37.41,37.41,37.41,28151500
31-Dec-2013,37.40,37.58,37.22,37.41,17505700
30-Dec-2013,37.22,37.38,36.90,37.29,16290400
27-Dec-2013,37.58,37.62,37.17,37.29,14563500
26-Dec-2013,37.20,37.49,37.17,37.44,17614900
25-Dec-2013,37.08,37.08,37.08,37.08,29349710
24-Dec-2013,36.72,37.17,36.64,37.08,14242900
23-Dec-2013,36.81,36.89,36.55,36.62,25128700
20-Dec-2013,36.20,36.93,36.19,36.80,62650300
19-Dec-2013,36.51,36.55,36.08,36.25,34157200
18-Dec-2013,36.36,36.60,35.53,36.58,63192000
17-Dec-2013,36.95,37.11,36.33,36.52,45687600
16-Dec-2013,36.68,37.00,36.54,36.88,31734500
13-Dec-2013,37.42,37.45,36.62,36.69,40074300
12-Dec-2013,37.64,37.64,37.18,37.22,36012700
11-Dec-2013,38.06,38.30,37.39,37.61,39853300
10-Dec-2013,38.60,38.90,38.02,38.11,37828500
09-Dec-2013,38.56,38.87,38.37,38.71,30286000
06-Dec-2013,38.42,38.55,37.99,38.36,36457200
05-Dec-2013,38.85,38.88,37.18,38.00,116313800
04-Dec-2013,38.21,38.98,38.12,38.94,51983500
03-Dec-2013,38.14,38.49,38.08,38.31,52109700
02-Dec-2013,38.09,38.78,38.06,38.45,42950300
29-Nov-2013,37.82,38.29,37.82,38.13,22090400
28-Nov-2013,37.60,37.60,37.60,37.60,42761240
27-Nov-2013,37.57,37.76,37.49,37.60,26002000
26-Nov-2013,37.57,37.65,37.35,37.35,34468000
25-Nov-2013,37.93,37.95,37.57,37.64,30648100
22-Nov-2013,37.53,37.68,37.33,37.57,27981900
21-Nov-2013,37.27,37.53,37.26,37.40,23064700
20-Nov-2013,36.92,37.41,36.86,37.08,32231800
19-Nov-2013,36.85,37.23,36.67,36.74,44274900
18-Nov-2013,37.35,37.58,37.07,37.20,53277400
15-Nov-2013,37.95,38.02,37.72,37.84,50602000
14-Nov-2013,37.92,38.13,37.72,38.02,46186500
13-Nov-2013,36.98,38.16,36.90,38.15,44957600
12-Nov-2013,37.38,37.60,37.20,37.36,31651500
11-Nov-2013,37.69,37.78,37.35,37.59,26872500
08-Nov-2013,37.67,37.78,37.34,37.78,36743100
07-Nov-2013,37.96,38.01,37.43,37.50,60445200
06-Nov-2013,37.24,38.22,37.06,38.18,88948800
05-Nov-2013,35.79,36.71,35.77,36.64,51681800
04-Nov-2013,35.59,35.98,35.55,35.94,28061800
01-Nov-2013,35.67,35.69,35.39,35.53,40271800
31-Oct-2013,35.64,35.69,35.34,35.40,41689500
30-Oct-2013,35.53,35.79,35.43,35.54,37002000
29-Oct-2013,35.63,35.72,35.26,35.52,31702600
28-Oct-2013,35.61,35.73,35.27,35.57,38383500
25-Oct-2013,35.88,36.29,35.47,35.73,113493900
24-Oct-2013,33.79,34.10,33.57,33.72,53209700
23-Oct-2013,34.35,34.49,33.67,33.76,58600500
22-Oct-2013,35.02,35.10,34.52,34.58,40438500
21-Oct-2013,34.98,35.20,34.91,34.99,27436500
18-Oct-2013,34.75,34.99,34.33,34.96,41811700
17-Oct-2013,34.45,34.99,34.37,34.92,31359200
16-Oct-2013,34.60,34.90,34.56,34.64,35111500
15-Oct-2013,34.67,34.99,34.47,34.49,47107600
14-Oct-2013,33.90,34.50,33.78,34.45,27757800
11-Oct-2013,33.68,34.14,33.68,34.13,30033300
10-Oct-2013,33.31,33.89,33.26,33.76,42875100
09-Oct-2013,33.07,33.35,32.96,33.07,35878500
08-Oct-2013,33.30,33.33,32.80,33.01,41017500
07-Oct-2013,33.60,33.71,33.20,33.30,35069200
04-Oct-2013,33.69,33.99,33.62,33.88,33008100
03-Oct-2013,33.88,34.00,33.42,33.86,38707400
02-Oct-2013,33.36,34.03,33.29,33.92,46946800
01-Oct-2013,33.34,33.61,33.30,33.58,36718700
30-Sep-2013,33.00,33.31,32.70,33.28,39839500
27-Sep-2013,32.88,33.75,32.87,33.27,55347900
26-Sep-2013,32.64,33.00,32.59,32.77,28503900
25-Sep-2013,32.49,32.80,32.40,32.51,28907400
24-Sep-2013,32.87,32.87,32.15,32.46,40684900
23-Sep-2013,32.54,32.97,32.50,32.74,39824800
20-Sep-2013,33.41,33.48,32.69,32.79,102904800
19-Sep-2013,33.48,33.68,33.32,33.64,42026500
18-Sep-2013,32.95,33.40,32.83,33.32,64103300
17-Sep-2013,33.42,33.47,32.90,32.93,84716400
16-Sep-2013,33.38,33.50,32.73,32.80,55017800
13-Sep-2013,32.77,33.07,32.51,33.03,40905900
12-Sep-2013,32.72,32.78,32.59,32.69,32867600
11-Sep-2013,32.57,32.93,32.53,32.74,39087400
10-Sep-2013,31.90,32.40,31.79,32.39,56887900
09-Sep-2013,31.23,31.79,31.20,31.66,49628400
06-Sep-2013,31.29,31.39,31.13,31.15,75439500
05-Sep-2013,31.10,31.44,30.95,31.24,71644800
04-Sep-2013,31.39,31.47,31.11,31.19,142320500
03-Sep-2013,31.75,32.07,31.29,31.88,154506900
02-Sep-2013,33.40,33.40,33.40,33.40,75718090
30-Aug-2013,33.37,33.48,33.09,33.40,42784600
29-Aug-2013,32.93,33.60,32.80,33.55,45284600
28-Aug-2013,33.39,33.60,33.00,33.02,44262700
27-Aug-2013,33.51,34.10,33.15,33.26,58522200
26-Aug-2013,34.40,34.67,34.03,34.15,72786700
23-Aug-2013,35.17,35.20,34.00,34.75,225493700
22-Aug-2013,32.19,32.49,32.10,32.39,31169800
21-Aug-2013,31.61,32.01,31.54,31.61,37409000
20-Aug-2013,31.44,31.90,31.37,31.62,22979500
19-Aug-2013,31.76,31.97,31.38,31.39,27908700
16-Aug-2013,31.79,31.99,31.66,31.80,32866200
15-Aug-2013,31.97,32.18,30.84,31.79,33340700
14-Aug-2013,32.14,33.36,31.70,32.35,48528200
13-Aug-2013,32.51,32.55,32.21,32.23,39473000
12-Aug-2013,32.46,32.97,32.46,32.87,25501900
09-Aug-2013,32.77,32.90,32.47,32.70,26803800
08-Aug-2013,32.24,33.07,32.05,32.89,59038500
07-Aug-2013,31.54,32.10,31.25,32.06,38078500
06-Aug-2013,31.56,31.67,31.38,31.58,36334800
05-Aug-2013,31.90,32.00,31.64,31.70,30986500
02-Aug-2013,31.69,31.90,31.57,31.89,29199800
01-Aug-2013,32.07,32.09,31.60,31.67,42557800
31-Jul-2013,31.97,32.05,31.71,31.84,43900500
30-Jul-2013,31.78,32.12,31.55,31.85,45801100
29-Jul-2013,31.47,31.60,31.40,31.54,28874800
26-Jul-2013,31.26,31.62,31.20,31.62,38637300
25-Jul-2013,31.62,31.65,31.25,31.39,63221300
24-Jul-2013,32.03,32.19,31.89,31.96,52812000
23-Jul-2013,31.91,32.04,31.71,31.82,65819200
22-Jul-2013,31.70,32.01,31.60,32.01,79040600
19-Jul-2013,32.40,32.67,31.02,31.40,248428500
18-Jul-2013,35.72,35.89,35.22,35.44,49547000
17-Jul-2013,36.34,36.39,35.49,35.74,37289300
16-Jul-2013,36.01,36.43,35.96,36.27,36378600
15-Jul-2013,35.66,36.22,35.58,36.17,34145600
12-Jul-2013,35.58,35.73,35.28,35.67,35502600
11-Jul-2013,35.00,35.77,34.90,35.69,53638200
10-Jul-2013,34.34,34.81,34.32,34.70,29658700
09-Jul-2013,34.58,34.60,34.14,34.35,25320900
08-Jul-2013,34.35,34.59,33.98,34.33,32398700
05-Jul-2013,34.09,34.24,33.58,34.21,26085900
04-Jul-2013,34.01,34.01,34.01,34.01,34633690
03-Jul-2013,33.66,34.37,33.60,34.01,15994300
02-Jul-2013,34.41,34.44,33.63,33.94,37634500
01-Jul-2013,34.75,34.99,34.33,34.36,31064000
28-Jun-2013,34.38,34.79,34.34,34.54,65548200
27-Jun-2013,34.52,34.78,34.50,34.62,28993500
26-Jun-2013,34.12,34.48,33.89,34.35,48667800
25-Jun-2013,34.08,34.38,33.46,33.67,44073300
24-Jun-2013,32.94,34.20,32.57,33.72,56113700
21-Jun-2013,33.66,33.73,33.05,33.26,85338300
20-Jun-2013,34.26,34.33,33.37,33.49,54496700
19-Jun-2013,34.96,35.09,34.59,34.59,30820200
18-Jun-2013,34.97,35.17,34.90,34.98,28622900
17-Jun-2013,34.69,35.16,34.63,35.00,49672400
14-Jun-2013,34.55,34.69,34.25,34.40,53199000
13-Jun-2013,34.99,35.02,34.59,34.72,45654800
12-Jun-2013,35.14,35.27,34.85,35.00,37372200
11-Jun-2013,35.05,35.18,34.68,34.84,39437300
10-Jun-2013,35.51,35.65,35.14,35.47,35995200
07-Jun-2013,35.25,35.78,35.06,35.67,40762200
06-Jun-2013,34.84,35.11,34.49,34.96,37627100
05-Jun-2013,34.60,34.89,34.43,34.78,46032600
04-Jun-2013,35.62,35.74,34.77,34.99,65538400
03-Jun-2013,34.92,35.63,34.83,35.59,51256200
31-May-2013,34.82,35.28,34.79,34.90,56167700
30-May-2013,34.85,35.25,34.81,35.03,51133600
29-May-2013,34.74,35.02,34.57,34.88,38419800
28-May-2013,34.42,35.18,34.41,35.02,48218100
27-May-2013,34.27,34.27,34.27,34.27,49826600
24-May-2013,33.92,34.28,33.90,34.27,33175800
23-May-2013,34.23,34.55,33.90,34.15,51113500
22-May-2013,34.79,34.84,34.36,34.61,66050800
21-May-2013,35.10,35.27,34.72,34.85,48705300
20-May-2013,34.73,35.10,34.68,35.08,54025200
17-May-2013,34.13,34.87,34.10,34.87,60674200
16-May-2013,33.64,34.15,33.55,34.08,59384200
15-May-2013,33.45,33.90,33.43,33.85,46307800
14-May-2013,32.86,33.53,32.80,33.53,56874000
13-May-2013,32.61,33.07,32.55,33.03,36036300
10-May-2013,32.67,32.72,32.32,32.69,36396500
09-May-2013,32.85,33.00,32.59,32.66,46417800
08-May-2013,33.07,33.24,32.65,32.99,51595600
07-May-2013,33.65,33.79,33.24,33.31,43078200
06-May-2013,33.42,33.91,33.25,33.75,40982400
03-May-2013,33.23,33.52,33.08,33.49,46786800
02-May-2013,32.63,33.17,32.39,33.16,46069400
01-May-2013,32.93,33.08,32.60,32.72,54336800
30-Apr-2013,32.56,33.11,32.28,33.10,75166900
29-Apr-2013,31.80,32.68,31.77,32.61,59116500
26-Apr-2013,31.90,31.98,31.45,31.79,47802800
25-Apr-2013,31.71,32.84,31.54,31.94,110700100
24-Apr-2013,30.65,31.92,30.60,31.76,90955500
23-Apr-2013,30.70,30.90,30.38,30.60,59126800
22-Apr-2013,30.30,31.18,30.27,30.83,137909400
19-Apr-2013,29.62,30.24,29.61,29.76,99793500
18-Apr-2013,28.95,28.98,28.50,28.79,56906500
17-Apr-2013,28.85,29.04,28.60,28.83,52841300
16-Apr-2013,28.90,29.14,28.69,28.97,52804600
15-Apr-2013,28.65,28.98,28.51,28.69,56335500
12-Apr-2013,28.85,29.02,28.66,28.79,62888000
11-Apr-2013,29.10,29.20,28.73,28.93,130923100
10-Apr-2013,29.57,30.32,29.52,30.28,71116600
09-Apr-2013,28.73,29.82,28.68,29.61,77737800
08-Apr-2013,28.73,28.73,28.47,28.59,34759700
05-Apr-2013,28.24,28.78,28.11,28.70,50928200
04-Apr-2013,28.39,28.61,28.27,28.59,45267600
03-Apr-2013,28.75,28.95,28.54,28.56,35064400
02-Apr-2013,28.59,28.85,28.52,28.80,28460300
01-Apr-2013,28.64,28.66,28.36,28.61,29203100
29-Mar-2013,28.60,28.60,28.60,28.60,38113440
28-Mar-2013,28.32,28.66,28.26,28.60,55455600
27-Mar-2013,28.14,28.44,28.08,28.37,36048900
26-Mar-2013,28.24,28.34,28.11,28.16,27831600
25-Mar-2013,28.30,28.35,27.96,28.16,44153900
22-Mar-2013,28.19,28.34,28.10,28.25,28720800
21-Mar-2013,28.11,28.36,28.05,28.11,34234500
20-Mar-2013,28.34,28.49,28.18,28.32,35454200
19-Mar-2013,28.12,28.22,28.03,28.18,51902900
18-Mar-2013,27.88,28.28,27.81,28.10,44828000
15-Mar-2013,28.03,28.16,27.98,28.03,92711900
14-Mar-2013,28.00,28.16,27.93,28.14,55917300
13-Mar-2013,27.87,28.02,27.75,27.92,29103200
12-Mar-2013,27.84,27.95,27.64,27.91,39259400
11-Mar-2013,27.94,27.97,27.67,27.87,36635400
08-Mar-2013,28.25,28.33,27.96,28.00,37671400
07-Mar-2013,28.11,28.28,28.00,28.14,29197600
06-Mar-2013,28.21,28.23,27.78,28.09,51448900
05-Mar-2013,28.29,28.54,28.16,28.35,41437100
04-Mar-2013,27.85,28.15,27.70,28.15,38167400
01-Mar-2013,27.72,27.98,27.52,27.95,34851800
28-Feb-2013,27.88,27.97,27.74,27.80,35840800
27-Feb-2013,27.42,28.00,27.33,27.81,36395500
26-Feb-2013,27.38,27.60,27.34,27.37,49925000
25-Feb-2013,27.97,28.05,27.37,27.37,48020300
22-Feb-2013,27.68,27.76,27.48,27.76,31430000
21-Feb-2013,27.74,27.74,27.23,27.49,49085500
20-Feb-2013,28.13,28.20,27.83,27.87,44112400
19-Feb-2013,27.90,28.09,27.80,28.05,38806800
18-Feb-2013,28.01,28.01,28.01,28.01,40373150
15-Feb-2013,28.04,28.16,27.88,28.01,49657700
14-Feb-2013,27.92,28.06,27.87,28.04,32663400
13-Feb-2013,27.93,28.11,27.88,28.03,41716000
12-Feb-2013,27.88,28.00,27.75,27.88,35991300
11-Feb-2013,27.65,27.92,27.50,27.86,32248100
08-Feb-2013,27.35,27.71,27.31,27.55,33320400
07-Feb-2013,27.35,27.39,27.10,27.28,38034000
06-Feb-2013,27.36,27.54,27.25,27.34,41889500
05-Feb-2013,27.60,27.66,27.36,27.50,35410300
04-Feb-2013,27.87,28.02,27.42,27.44,50539900
01-Feb-2013,27.67,28.05,27.55,27.93,55566400
31-Jan-2013,27.79,27.97,27.40,27.45,50536100
30-Jan-2013,28.01,28.19,27.76,27.85,43585500
29-Jan-2013,27.82,28.13,27.60,28.01,49247800
28-Jan-2013,28.01,28.23,27.76,27.91,56061400
25-Jan-2013,27.58,28.23,27.39,27.88,81853100
24-Jan-2013,27.70,28.07,27.47,27.63,101739200
23-Jan-2013,27.20,27.64,27.20,27.61,50387600
22-Jan-2013,27.30,27.45,27.00,27.15,58656700
21-Jan-2013,27.25,27.25,27.25,27.25,59020110
18-Jan-2013,27.10,27.29,27.04,27.25,52171300
17-Jan-2013,27.19,27.47,27.06,27.25,51685800
16-Jan-2013,27.15,27.23,27.01,27.04,41077300
15-Jan-2013,26.84,27.29,26.83,27.21,48244400
14-Jan-2013,26.90,27.08,26.76,26.89,48324300
11-Jan-2013,26.49,26.93,26.28,26.83,55518000
10-Jan-2013,26.65,26.98,26.29,26.46,71430800
09-Jan-2013,26.72,26.75,26.56,26.70,49047800
08-Jan-2013,26.75,26.79,26.46,26.55,44703000
07-Jan-2013,26.77,26.88,26.64,26.69,37120000
04-Jan-2013,27.27,27.34,26.73,26.74,52521000
03-Jan-2013,27.63,27.65,27.16,27.25,48297700
02-Jan-2013,27.25,27.73,27.15,27.62,52905500
