"A"	"500"	14500.000	07/31/2018	0.400	318.385	209.000	622.000	1034.000	320.000	322.000	323.000	322.000	321.000	321.000	322.000	326.000
"AAL"	"500"	126600.000	09/30/2018	0.300	457.592	4144.000	-129.000	3241.000	460.526	463.533	472.297	477.164	484.772	490.818	503.902	514.574
"AAP"	"500"	40000.000	10/06/2018	0.100	72.676	133.900	606.700	881.300	73.888	74.054	73.979	73.903	73.866	73.848	73.782	73.676
"AAPL"	"500"	132000.000	09/29/2018	0.000	4741.877	13313.000	5624.000	77434.000	4801.588	4882.167	5024.877	5112.877	5149.427	5195.088	5225.791	5298.661
"ABBV"	"500"	30000.000	09/30/2018	0.000	1493.021	697.000	-431.000	12619.000	1511.000	1568.000	1591.000	1596.000	1597.000	1595.000	1597.000	1616.000
"ABC"	"500"	21000.000	09/30/2018	0.200	154.687	336.400	57.400	1411.400	215.394	218.569	219.200	218.323	218.492	218.676	217.650	218.661
"ABMD"	"500"	1143.000	09/30/2018	2.000	43.147	65.500	31.800	220.300	44.961	44.546	44.327	44.247	44.141	43.895	43.577	43.431
"ABT"	"500"	99000.000	09/30/2018	0.200	1743.729	1272.000	-3643.000	6175.000	1759.585	1757.836	1753.412	1748.070	1743.757	1740.524	1727.356	1478.947
"ACN"	"500"	459000.000	08/31/2018	0.200	610.873	619.200	934.500	6026.700	640.711	639.217	617.855	615.836	617.341	619.437	622.000	621.570
"ADBE"	"500"	17973.000	08/31/2018	0.000	486.626	241.700	-27.400	3754.500	490.025	491.914	492.061	492.114	493.426	494.371	494.612	495.708
"ADI"	"500"	15800.000	11/03/2018	0.100	368.720	254.900	-231.200	2442.400	371.087	371.315	370.763	370.035	368.067	367.315	353.227	333.184
"ADM"	"500"	31300.000	09/30/2018	0.200	559.086	908.000	855.000	-3624.000	565.000	564.000	563.000	563.000	566.000	571.000	576.000	579.000
"ADP"	"500"	57000.000	09/30/2018	0.200	437.105	179.600	-1674.900	2419.700	436.800	437.900	441.000	441.300	442.200	444.497	446.500	447.900
"ADS"	"500"	20000.000	09/30/2018	2.100	53.028	198.100	107.200	2855.400	54.800	55.200	55.400	55.400	55.400	55.600	56.400	57.400
"ADSK"	"500"	8800.000	07/31/2018	0.100	217.531	58.800	-247.200	-61.200	219.000	218.600	218.900	219.600	219.500	219.900	222.308	222.300
"AEE"	"500"	8615.000	09/30/2018	0.100	243.450	41.000	20.000	2143.000	244.100	243.700	242.900	242.600	242.600	242.600	242.600	242.600
"AEP"	"500"	17666.000	09/30/2018	0.000	492.383	60.900	400.600	5078.800	492.985	492.688	492.267	491.859	491.841	491.791	491.712	491.713
"AES"	"500"	21000.000	09/30/2018	0.200	658.422	-99999999.990	-99999999.990	-99999999.990	662.000	661.000	661.000	660.000	660.000	660.000	659.000	660.000
"AFL"	"500"	11318.000	09/30/2018	0.100	744.286	0.000	-1498.000	6191.000	767.049	772.949	778.550	784.230	788.958	792.866	802.260	813.630
"AGN"	"500"	17800.000	09/30/2018	0.000	336.235	115.900	-424.800	6019.400	339.000	339.100	334.600	331.400	333.500	335.200	335.100	356.400
"AIG"	"500"	49800.000	09/30/2018	0.000	883.822	0.000	282.000	239.000	895.237	903.216	907.952	907.853	908.667	925.751	980.777	1023.388
"AIV"	"500"	1350.000	09/30/2018	0.100	154.095	7.100	-25.100	401.900	156.711	156.703	156.609	156.422	156.306	156.305	156.259	156.172
"AIZ"	"500"	14750.000	09/30/2018	0.600	53.638	77.600	313.800	618.600	63.621	57.060	53.169	54.656	54.525	55.230	56.201	57.476
"AJG"	"500"	26800.000	09/30/2018	0.100	181.575	126.200	80.000	765.600	183.300	182.400	181.500	181.000	180.500	179.900	178.900	178.200
"AKAM"	"500"	7650.000	09/30/2018	0.100	157.968	181.500	336.600	919.600	165.924	170.250	170.116	169.429	170.976	172.674	173.158	173.336
"ALB"	"500"	5400.000	09/30/2018	0.100	105.719	601.900	-404.100	606.100	107.315	109.671	110.681	110.509	110.476	110.686	111.986	112.487
"ALGN"	"500"	8715.000	09/30/2018	0.300	72.645	238.600	58.200	475.700	80.111	80.216	80.036	80.082	80.163	80.188	79.904	79.664
"ALK"	"500"	20183.000	09/30/2018	0.000	122.789	102.000	37.000	1219.000	123.224	123.268	123.155	122.341	123.467	123.573	123.495	123.284
"ALL"	"500"	42460.000	09/30/2018	0.100	343.363	278.000	-230.000	4918.000	346.000	349.200	354.100	357.500	361.300	363.600	365.700	368.000
"ALLE"	"500"	10000.000	09/30/2018	0.000	94.773	47.400	-138.400	437.600	95.100	95.000	95.100	94.800	95.000	95.200	95.300	95.500
"ALXN"	"500"	2525.000	09/30/2018	0.100	222.670	258.900	679.200	600.200	222.900	222.600	222.100	223.600	223.000	224.000	224.000	222.638
"AMAT"	"500"	18400.000	07/29/2018	0.200	979.418	528.000	-74.000	3983.000	994.000	1029.000	1056.000	1064.000	1071.000	1078.000	1078.000	1083.000
"AMD"	"500"	8900.000	09/29/2018	0.700	992.625	166.000	163.000	344.000	987.000	972.000	968.000	967.000	957.000	945.000	939.000	937.000
"AME"	"500"	16900.000	09/30/2018	0.100	228.301	76.900	-217.700	882.200	231.502	231.252	230.928	230.769	230.439	230.158	229.548	230.211
"AMG"	"500"	4400.000	09/30/2018	0.500	46.439	18.100	73.400	1246.100	53.100	54.000	54.150	55.100	55.800	56.300	56.700	55.100
"AMGN"	"500"	20800.000	09/30/2018	0.000	635.896	666.000	8956.000	11114.000	645.000	656.000	707.000	725.000	728.000	734.000	737.000	736.000
"AMP"	"500"	13000.000	09/30/2018	0.100	138.917	154.000	-514.000	1631.000	144.400	147.000	149.500	150.800	153.000	155.100	157.500	160.300
"AMT"	"500"	4752.000	09/30/2018	0.100	439.487	859.000	338.600	3274.100	440.889	441.497	435.124	428.844	429.281	427.298	427.279	426.079
"AMZN"	"500"	566000.000	09/30/2018	16.200	409.598	14626.000	6338.000	26590.000	488.000	486.000	484.000	483.000	481.000	479.000	471.000	477.000
"ANET"	"500"	1800.000	09/30/2018	0.100	53.334	23.900	-308.800	402.800	75.011	74.759	74.377	73.323	72.588	72.246	71.774	69.989
"ANSS"	"500"	2900.000	09/30/2018	0.700	82.649	17.400	-190.400	457.000	84.158	84.105	83.931	84.556	84.774	85.167	85.456	86.198
"ANTM"	"500"	56000.000	09/30/2018	0.100	258.229	1171.300	-1837.300	2062.800	259.500	258.700	255.800	256.400	260.500	264.600	264.400	263.500
"AON"	"500"	50000.000	09/30/2018	0.100	238.098	237.000	-265.000	1356.000	244.000	246.000	248.500	251.300	255.600	262.400	264.800	265.100
"AOS"	"500"	16100.000	09/30/2018	0.200	142.645	86.300	-88.900	465.400	170.508	171.064	171.532	171.856	172.447	173.185	173.380	173.792
"APA"	"500"	3356.000	09/30/2018	0.100	378.681	558.000	-1349.000	3402.000	383.000	382.000	382.000	381.000	381.000	381.000	380.000	379.000
"APC"	"500"	4400.000	09/30/2018	0.200	502.771	6384.000	-3379.000	5692.000	499.000	504.000	518.000	536.000	553.000	552.000	551.000	552.000
"APD"	"500"	16000.000	09/30/2018	0.200	218.385	1568.400	-482.300	2541.900	219.300	219.500	219.400	218.900	218.300	218.100	217.900	217.700
"APH"	"500"	70000.000	09/30/2018	0.100	300.078	279.000	-453.900	1162.300	300.500	300.800	303.700	305.400	305.000	305.800	306.600	308.300
"APTV"	"500"	129000.000	09/30/2018	0.100	261.765	879.000	-582.000	1299.000	264.560	264.810	265.690	265.840	266.240	267.410	269.200	270.350
"ARE"	"500"	323.000	09/30/2018	1.400	106.076	870.100	-61.500	543.000	104.179	103.085	101.380	95.178	92.598	90.215	88.147	80.834
"ARNC"	"500"	41500.000	09/30/2018	0.100	472.948	733.000	-276.000	403.000	483.000	483.000	482.000	481.000	442.000	441.000	440.500	438.000
"ATVI"	"500"	9800.000	09/30/2018	0.700	754.657	166.000	-267.000	1949.000	763.000	761.000	759.000	757.000	755.000	754.000	749.000	743.000
"AVB"	"500"	3112.000	09/30/2018	0.200	137.861	5.600	64.500	1303.800	137.849	137.840	137.821	137.723	137.715	137.581	137.069	137.010
"AVGO"	"500"	14000.000	08/05/2018	0.100	410.258	762.000	-1113.000	8204.000	430.000	421.000	410.000	411.000	407.000	403.000	399.000	399.000
"AVY"	"500"	30000.000	09/29/2018	0.100	86.259	33.600	-14.700	445.200	87.300	87.900	88.000	88.000	88.300	88.500	88.400	88.800
"AWK"	"500"	6900.000	09/30/2018	0.100	179.661	1606.000	-6.000	1421.000	181.000	179.000	178.000	178.000	178.000	178.000	178.000	178.000
"AXP"	"500"	55000.000	09/30/2018	0.000	851.892	1121.000	2957.000	15141.000	858.000	860.000	859.000	865.000	878.000	883.500	899.000	912.000
"AZO"	"500"	54900.000	08/25/2018	0.100	25.370	-30.800	-8.800	1817.700	25.962	26.926	27.355	27.638	27.806	28.358	28.606	28.951
"BA"	"500"	140800.000	09/30/2018	0.100	567.298	1662.000	-519.000	15276.000	574.200	588.700	590.100	595.600	597.600	609.600	613.600	621.400
"BAC"	"500"	205000.000	09/30/2018	0.000	9806.111	0.000	12477.000	46394.000	10031.600	10181.700	10322.400	10472.430	10197.900	10013.500	10099.600	10197.950
"BAX"	"500"	47000.000	09/30/2018	0.000	531.675	692.000	-657.000	1855.000	534.000	535.000	539.000	543.000	545.000	544.000	541.000	543.000
"BBT"	"500"	36484.000	09/30/2018	0.000	765.042	0.000	85.000	4654.000	771.562	775.836	779.617	783.596	794.558	808.980	809.903	810.638
"BBY"	"500"	125000.000	08/04/2018	0.200	233.557	716.000	215.000	2102.000	279.000	282.600	289.300	299.100	304.100	309.200	313.400	316.200
"BDX"	"500"	76032.000	09/30/2018	0.200	267.527	895.000	-13039.000	2865.000	268.614	267.836	267.341	230.038	228.321	220.807	213.583	213.064
"BEN"	"500"	9700.000	09/30/2018	39.800	283.164	0.000	-1839.100	2229.700	520.900	533.000	537.950	550.700	553.700	556.200	560.300	565.100
"BF.B"	"500"	4800.000	07/31/2018	0.700	326.207	24.000	-27.000	653.000	480.048	480.697	480.361	480.150	480.048	480.225	480.650	486.313
"BHF"	"500"	1260.000	09/30/2018	0.200	118.390	0.000	446.000	2862.000	119.657	119.773	119.773	119.773	119.773	119.773	119.773	119.773
"BHGE"	"500"	65000.000	09/30/2018	0.100	345.872	901.000	-19.000	459.000	412.000	414.000	421.000	424.000	428.000	428.000	429.000	425.000
"BIIB"	"500"	7300.000	09/30/2018	0.100	200.662	3.000	838.600	5810.600	201.400	207.100	211.400	211.400	211.400	211.900	215.600	216.600
"BK"	"500"	52000.000	09/30/2018	0.000	985.327	1083.000	-1485.000	4077.000	999.808	1010.179	1016.797	1024.831	1035.337	1035.829	1041.158	1050.773
"BKNG"	"500"	22900.000	09/30/2018	0.200	46.120	356.000	146.600	5427.800	47.268	48.055	48.349	48.676	48.981	49.131	49.192	49.320
"BLK"	"500"	14900.000	09/30/2018	1.400	150.633	163.000	197.000	3840.000	160.142	160.981	161.250	161.263	162.460	162.503	163.017	163.434
"BLL"	"500"	18300.000	09/30/2018	0.500	336.138	768.000	44.000	1758.000	342.982	348.221	350.215	349.633	350.327	351.066	350.048	365.517
"BMY"	"500"	23700.000	09/30/2018	0.000	1629.855	915.000	764.000	4628.000	1632.000	1633.000	1633.000	1636.000	1639.000	1644.000	1662.000	1674.000
"BR"	"500"	10000.000	09/30/2018	0.700	116.012	28.000	-84.200	691.200	116.400	117.100	116.900	116.600	116.500	117.100	117.800	118.700
"BSX"	"500"	29000.000	09/30/2018	0.200	1380.505	59.000	291.000	975.000	1382.800	1380.500	1376.500	1373.100	1372.000	1369.800	1365.400	1362.100
"BWA"	"500"	29000.000	09/30/2018	0.100	207.094	564.600	-52.500	1112.700	207.471	208.570	209.475	209.745	209.803	210.572	211.596	211.500
"BXP"	"500"	740.000	09/30/2018	-99999999.990	154.212	47.200	-131.800	996.400	154.440	154.427	154.408	154.364	154.355	154.244	154.098	153.817
"C"	"500"	206000.000	09/30/2018	0.000	2439.573	3651.000	40958.000	37022.000	2479.800	2501.950	2538.000	2606.100	2683.600	2739.000	2765.300	2813.700
"CAG"	"500"	12400.000	08/26/2018	0.300	481.844	295.100	-176.600	912.900	391.700	393.700	399.100	406.500	415.100	419.600	431.700	437.700
"CAH"	"500"	50200.000	09/30/2018	0.500	297.021	375.000	864.000	1948.000	305.000	310.000	313.000	315.000	316.000	314.000	316.000	318.000
"CAT"	"500"	98400.000	09/30/2018	0.000	588.977	1253.000	-1639.000	5012.000	592.100	596.200	598.000	596.300	592.900	590.200	587.500	585.800
"CB"	"500"	31000.000	09/30/2018	0.500	458.005	0.000	-56.000	4989.000	462.982	465.277	465.703	465.608	466.371	467.981	468.903	468.184
"CBOE"	"500"	889.000	09/30/2018	0.100	111.709	39.200	12.000	503.600	111.400	112.000	112.400	112.300	112.300	112.100	91.900	81.285
"CBRE"	"500"	80000.000	09/30/2018	0.700	338.036	228.300	-416.700	827.200	339.477	339.082	338.890	338.789	337.948	336.975	336.908	336.811
"CBS"	"500"	12700.000	09/30/2018	0.200	332.961	172.000	8.000	1080.000	375.000	378.000	382.000	389.000	401.000	405.000	410.000	423.000
"CCI"	"500"	4500.000	09/30/2018	0.100	413.034	1617.600	-6392.000	2401.900	415.000	415.000	409.000	406.277	395.359	364.493	360.832	352.118
"CCL"	"500"	97000.000	08/31/2018	0.000	406.216	3432.000	37.000	5461.000	706.000	714.000	717.000	716.000	723.000	724.000	725.000	727.000
"CDNS"	"500"	7200.000	09/29/2018	0.600	278.513	60.000	-133.700	599.700	273.716	273.564	273.773	273.171	273.156	271.887	270.173	272.580
"CELG"	"500"	7467.000	09/30/2018	0.000	696.905	335.000	-3031.000	4517.000	702.000	716.100	748.300	773.500	784.100	782.650	779.000	776.900
"CERN"	"500"	26000.000	09/29/2018	0.400	314.522	31.800	-74.400	1396.000	329.342	330.206	332.395	331.535	331.993	331.056	329.973	334.935
"CF"	"500"	2900.000	09/30/2018	0.300	229.877	461.000	-970.000	1473.000	233.500	234.000	233.900	234.400	233.200	233.500	233.100	232.800
"CFG"	"500"	17100.000	09/30/2018	0.100	466.774	-71.000	1871.000	1640.000	475.958	484.744	487.501	492.040	500.861	506.372	509.452	511.942
"CHD"	"500"	4700.000	09/30/2018	0.200	245.628	54.500	-48.200	825.400	245.700	244.000	244.900	248.800	249.700	249.800	254.100	256.400
"CHRW"	"500"	15074.000	09/30/2018	0.900	136.963	17.300	0.500	694.500	138.797	139.464	140.032	139.554	140.422	141.061	141.484	141.704
"CHTR"	"500"	94800.000	09/30/2018	0.000	165.839	9277.000	-1504.000	11857.000	230.555	234.242	237.762	240.834	253.924	263.461	269.005	269.038
"CI"	"500"	46000.000	09/30/2018	0.100	237.737	477.000	20376.000	4219.000	242.577	242.453	242.179	244.628	249.242	254.087	255.680	255.714
"CINF"	"500"	4925.000	09/30/2018	0.300	151.812	16.000	-58.000	1132.000	162.700	163.200	164.000	163.900	164.000	164.300	164.600	164.500
"CL"	"500"	35900.000	09/30/2018	0.300	863.924	492.000	-539.000	2953.000	868.800	871.700	875.400	878.200	880.700	883.800	884.700	887.600
"CLX"	"500"	8700.000	09/30/2018	0.200	127.518	181.000	-306.000	975.000	127.803	129.101	129.694	129.359	129.019	129.115	128.752	128.497
"CMA"	"500"	7691.000	09/30/2018	0.200	160.250	91.000	-365.000	1212.000	167.000	171.000	172.000	171.000	174.000	175.000	175.000	169.000
"CMCSA"	"500"	164000.000	09/30/2018	0.100	4502.785	1986.000	10365.000	23949.000	4564.000	4598.000	4633.000	4657.000	4698.000	4728.000	4747.000	4448.000
"CME"	"500"	2830.000	09/30/2018	1.200	335.902	89.800	1396.200	2440.600	339.586	339.465	339.305	339.157	338.771	338.556	338.339	338.087
"CMG"	"500"	68890.000	09/30/2018	0.000	27.387	261.300	229.100	580.300	27.802	27.819	27.911	28.152	28.415	28.649	28.750	29.046
"CMI"	"500"	58600.000	09/30/2018	0.100	160.201	77.000	-68.000	2194.000	161.300	163.800	164.900	165.501	166.300	167.300	167.500	167.654
"CMS"	"500"	7822.000	09/30/2018	0.000	281.441	2029.000	193.000	2071.000	282.500	282.100	281.500	281.400	280.800	279.500	278.900	272.200
"CNC"	"500"	33700.000	09/30/2018	0.800	200.613	539.000	2556.000	2318.000	205.295	195.518	173.921	172.766	172.508	172.357	172.074	171.228
"CNP"	"500"	7977.000	09/30/2018	0.100	500.330	1553.000	94.000	2069.000	431.554	432.000	431.000	431.183	431.026	431.000	431.000	432.257
"COF"	"500"	47600.000	09/30/2018	0.700	470.383	911.000	2840.000	13129.000	477.800	485.100	486.900	485.700	484.900	484.000	482.300	483.600
"COG"	"500"	308.000	09/30/2018	0.300	424.269	825.200	-194.200	968.000	440.772	451.055	459.715	462.358	462.498	464.768	465.348	465.208
"COO"	"500"	11800.000	07/31/2018	0.300	48.804	182.000	109.600	631.300	49.100	49.100	48.900	48.900	48.900	49.000	48.800	48.772
"COP"	"500"	11100.000	09/30/2018	0.000	1149.753	6650.000	-3182.000	11632.000	1163.033	1172.378	1179.792	1191.926	1212.454	1236.831	1243.280	1246.343
"COST"	"500"	143000.000	09/02/2018	0.400	435.468	2969.000	1509.000	5774.000	438.379	438.740	439.022	437.965	437.798	438.817	439.127	438.007
"COTY"	"500"	20000.000	09/30/2018	40.600	442.642	468.600	-491.400	340.700	750.800	750.600	750.100	749.600	748.600	747.500	747.300	746.600
"CPB"	"500"	23000.000	07/29/2018	0.100	166.799	366.000	-114.000	1304.000	301.000	301.000	301.000	301.000	302.000	304.000	306.000	308.000
"CPRT"	"500"	6026.000	10/31/2018	0.000	204.712	308.800	96.100	549.400	233.888	233.011	232.010	231.478	230.694	230.306	229.920	229.142
"CRM"	"500"	29000.000	10/31/2018	0.100	728.891	32.000	33.600	3118.300	760.000	747.000	729.000	724.024	717.000	712.000	706.000	701.963
"CSCO"	"500"	74200.000	10/27/2018	0.100	4492.607	878.000	-2616.000	14349.000	4565.000	4672.000	4791.000	4924.000	4959.000	4995.000	5005.000	5015.000
"CSX"	"500"	24000.000	09/30/2018	0.000	841.817	1818.000	72.000	4017.000	850.000	864.000	885.000	896.000	902.000	920.000	927.000	932.000
"CTAS"	"500"	41000.000	08/31/2018	1.500	90.764	273.700	-73.100	872.800	106.835	107.742	106.558	106.340	105.740	105.330	105.093	104.957
"CTL"	"500"	46000.000	09/30/2018	0.600	1072.499	3003.000	-5744.000	6214.000	1066.904	1064.711	1065.796	887.893	541.521	541.361	540.458	539.963
"CTSH"	"500"	274200.000	09/30/2018	0.200	575.918	361.000	-238.000	2726.000	579.000	585.000	587.000	590.000	590.000	589.000	605.000	607.600
"CTXS"	"500"	7500.000	09/30/2018	0.700	133.322	3.700	264.300	1082.700	135.055	135.993	139.248	147.428	151.156	151.212	153.247	155.995
"CVS"	"500"	246000.000	09/30/2018	0.100	1016.052	1958.000	39097.000	6250.000	1020.000	1018.000	1016.000	1014.000	1016.000	1019.000	1030.000	1064.000
"CVX"	"500"	51900.000	09/30/2018	-99999999.990	1909.899	13442.000	2970.000	27697.000	1900.717	1900.375	1895.990	1888.922	1882.650	1881.019	1879.372	1876.561
"CXO"	"500"	1203.000	09/30/2018	0.200	198.450	59.000	24.000	2349.000	188.953	175.279	147.925	147.581	147.557	147.304	146.838	144.769
"D"	"500"	16200.000	09/30/2018	0.000	654.230	4493.000	82.000	4588.000	653.900	652.800	650.500	643.800	642.500	629.200	628.100	626.027
"DAL"	"500"	86564.000	09/30/2018	0.200	684.015	1341.000	1131.000	7568.000	686.000	695.000	704.000	708.000	716.000	728.000	728.000	730.000
"DE"	"500"	60500.000	07/29/2018	0.000	321.258	694.100	-324.400	1141.800	323.500	324.200	322.800	321.600	320.800	319.200	316.700	314.600
"DFS"	"500"	16500.000	09/30/2018	0.600	333.273	234.000	2095.000	6054.000	341.000	348.000	355.000	359.000	371.000	379.000	386.000	390.000
"DG"	"500"	129000.000	11/02/2018	0.000	265.174	708.800	34.500	2173.300	264.490	266.457	268.267	270.303	272.319	273.690	274.692	275.812
"DGX"	"500"	45000.000	09/30/2018	0.100	135.632	314.000	-87.000	1228.000	136.000	136.000	136.000	137.000	137.000	137.000	137.000	137.000
"DHI"	"500"	8437.000	09/30/2018	6.400	352.094	68.100	465.300	545.200	376.600	377.400	376.800	375.800	374.900	374.800	374.400	373.300
"DHR"	"500"	67000.000	09/28/2018	0.400	619.365	615.100	127.600	3619.100	701.400	700.200	698.600	696.423	696.200	695.400	694.300	693.000
"DIS"	"500"	201000.000	09/29/2018	0.100	1486.485	4465.000	91.000	14295.000	1490.000	1491.000	1503.000	1512.000	1538.000	1562.000	1580.000	1592.000
"DISCA"	"500"	7000.000	09/30/2018	0.900	502.470	138.000	-6463.000	2109.000	523.000	523.000	422.000	381.000	381.000	384.000	389.000	392.000
"DISH"	"500"	17000.000	09/30/2018	0.900	221.259	107.700	-353.100	2568.200	467.570	467.425	466.642	466.405	466.240	466.019	465.412	465.119
"DLR"	"500"	1436.000	09/30/2018	0.000	206.195	488.400	-156.000	1375.600	206.119	205.956	205.714	205.794	170.194	160.833	159.297	159.022
"DLTR"	"500"	56300.000	11/03/2018	1.200	231.290	1254.800	308.200	1968.500	237.900	237.900	237.500	237.100	236.900	236.700	236.300	236.000
"DOV"	"500"	29000.000	09/30/2018	0.500	142.540	200.900	-112.800	744.200	147.344	151.744	152.434	155.736	155.757	155.703	155.663	155.378
"DRE"	"500"	400.000	09/30/2018	0.100	357.527	310.400	-375.200	457.900	357.898	357.054	356.740	356.204	355.905	355.647	355.282	354.745
"DRI"	"500"	180656.000	08/26/2018	0.200	123.882	23.300	5.000	1033.000	123.800	123.400	123.600	123.600	125.200	124.900	124.100	123.100
"DTE"	"500"	10200.000	09/30/2018	0.200	180.752	297.000	16.000	2614.000	182.000	181.000	180.000	179.000	179.000	179.000	179.000	176.000
"DUK"	"500"	29060.000	09/30/2018	0.000	712.359	8963.000	20.000	7290.000	713.000	703.000	701.000	700.000	700.000	700.000	700.000	697.000
"DVA"	"500"	74500.000	09/30/2018	0.200	162.152	-99999999.990	-99999999.990	-99999999.990	166.771	171.617	178.958	188.626	188.884	191.088	192.377	201.641
"DVN"	"500"	4900.000	09/30/2018	0.300	456.061	2755.000	256.000	2651.000	486.000	515.000	516.500	523.000	520.000	519.500	519.500	543.000
"DWDP"	"500"	98000.000	09/30/2018	0.100	2283.519	185.000	-6249.000	3981.000	2296.200	2308.900	2317.000	2327.100	1577.800	-99999999.990	-99999999.990	-99999999.990
"DXC"	"500"	150000.000	09/30/2018	0.300	278.835	250.000	2.000	2585.000	281.370	284.440	285.620	285.380	284.870	283.830	141.170	140.880
"EA"	"500"	9300.000	09/30/2018	0.200	300.511	107.000	814.000	1458.000	305.000	306.000	305.000	308.000	309.000	309.000	306.000	303.000
"EBAY"	"500"	14100.000	09/30/2018	4.900	915.085	713.000	321.000	2413.000	974.000	992.000	1010.000	1034.000	1062.000	1076.000	1083.000	1103.000
"ECL"	"500"	48400.000	09/30/2018	0.400	287.407	657.300	-5.500	2096.800	288.800	288.800	288.600	289.000	289.000	289.800	290.600	291.600
"ED"	"500"	15591.000	09/30/2018	0.100	310.919	59.000	129.000	2740.000	311.100	310.800	310.400	309.800	307.800	305.400	305.100	304.300
"EFX"	"500"	10300.000	09/30/2018	0.300	119.595	268.800	-62.000	714.700	120.500	120.300	120.200	120.100	120.100	120.300	120.000	119.600
"EIX"	"500"	12521.000	09/30/2018	0.000	325.409	4409.000	-79.000	3160.000	326.000	326.000	326.000	326.000	326.000	326.000	326.000	326.000
"EL"	"500"	46000.000	09/30/2018	0.300	217.431	641.000	-1.000	2361.000	366.800	367.100	367.900	368.700	368.400	368.000	367.000	366.900
"EMN"	"500"	14000.000	09/30/2018	0.100	139.514	592.000	-2.000	1449.000	140.600	141.900	142.800	143.600	144.300	145.300	146.200	146.400
"EMR"	"500"	87500.000	09/30/2018	0.500	622.007	617.000	-1969.000	2892.000	627.800	629.400	632.600	638.200	639.100	642.800	642.950	642.800
"EOG"	"500"	2664.000	09/30/2018	0.400	577.164	236.200	428.000	7010.900	577.254	576.135	575.775	575.370	574.783	574.439	573.935	571.651
"EQIX"	"500"	7273.000	09/30/2018	0.000	79.765	1848.200	-737.800	1751.700	79.872	79.479	79.241	78.567	78.055	77.923	72.773	71.401
"EQR"	"500"	2700.000	09/30/2018	0.100	375.784	3.900	-99.700	1339.800	368.028	367.930	367.800	367.445	366.996	366.820	366.605	365.257
"ES"	"500"	8084.000	09/30/2018	0.100	315.304	2590.900	-38.900	1920.500	317.360	317.345	317.397	317.397	317.393	317.391	317.463	317.510
"ESRX"	"500"	26600.000	09/30/2018	0.000	560.452	331.400	309.800	4358.100	562.900	561.900	562.800	565.100	571.800	582.900	601.000	608.900
"ESS"	"500"	1835.000	09/30/2018	0.100	64.620	31.300	111.600	823.700	66.052	66.048	66.044	66.038	65.995	65.729	65.550	65.521
"ETFC"	"500"	4091.000	09/30/2018	0.300	250.569	103.000	-316.000	1686.000	259.498	263.809	266.558	269.065	273.441	275.410	274.876	274.564
"ETN"	"500"	98000.000	09/30/2018	0.100	432.375	580.000	-464.000	2717.000	433.500	435.200	438.800	440.300	445.900	447.000	448.800	450.500
"ETR"	"500"	13504.000	09/30/2018	0.100	180.684	187.600	441.700	2770.300	181.002	180.823	180.708	180.310	179.564	179.475	179.335	179.130
"EVRG"	"500"	2205.000	09/30/2018	0.200	262.219	898.300	676.300	1361.700	268.600	180.900	171.400	142.480	142.500	142.500	142.437	142.152
"EW"	"500"	12200.000	09/30/2018	0.100	207.797	181.100	631.000	997.700	209.000	209.500	210.200	210.600	211.300	210.500	211.200	213.600
"EXC"	"500"	34621.000	09/30/2018	0.100	964.777	7525.000	763.000	8478.000	968.000	967.000	966.000	965.000	962.000	934.000	928.000	924.000
"EXPD"	"500"	16500.000	09/30/2018	0.100	171.493	65.100	-42.800	597.100	173.394	174.754	175.900	177.507	179.416	180.012	180.062	180.193
"EXPE"	"500"	22615.000	09/30/2018	8.600	117.995	818.700	-228.100	1973.200	149.482	150.076	151.817	152.258	152.088	151.582	150.531	150.625
"EXR"	"500"	3380.000	09/30/2018	0.500	122.486	4.200	-51.400	700.600	126.467	126.213	125.772	126.874	125.718	125.673	125.605	124.616
"F"	"500"	202000.000	09/30/2018	0.000	3898.927	7782.000	1003.000	16812.000	3976.000	3977.000	3974.000	3975.000	3972.000	3977.000	3976.000	3976.000
"FANG"	"500"	251.000	09/30/2018	0.200	100.703	2.000	478.200	1402.300	98.638	98.614	98.555	100.359	98.144	98.142	93.161	80.354
"FAST"	"500"	13749.000	09/30/2018	0.000	286.269	134.300	-3.700	625.500	287.000	287.140	287.600	287.334	287.500	288.700	289.243	289.074
"FB"	"500"	33606.000	09/30/2018	0.000	2370.293	11877.000	2418.000	29327.000	2885.000	2895.000	2906.000	2910.000	2904.000	2900.000	2891.000	2881.000
"FBHS"	"500"	23800.000	09/30/2018	0.100	101.329	176.000	120.800	591.400	142.400	144.900	149.900	151.700	153.500	154.200	153.300	154.000
"FCX"	"500"	25200.000	09/30/2018	0.000	1442.111	7.000	-356.000	5589.000	1450.000	1449.000	1449.000	1447.000	1448.000	1447.000	1446.000	1405.000
"FDX"	"500"	166000.000	08/31/2018	0.200	243.483	5798.000	-1134.000	4785.000	265.000	264.000	268.000	268.000	268.000	266.000	266.000	266.000
"FE"	"500"	15617.000	09/30/2018	0.000	510.442	0.000	-500.000	-322.000	503.000	494.000	477.000	444.000	444.000	444.000	443.000	429.000
"FFIV"	"500"	4409.000	09/30/2018	0.200	60.441	0.000	-248.500	761.100	60.455	60.970	61.420	62.195	63.075	63.935	64.479	65.195
"FIS"	"500"	53000.000	09/30/2018	0.100	325.453	162.000	-88.000	1911.000	328.000	329.000	330.000	330.000	331.000	330.000	328.000	329.000
"FISV"	"500"	24000.000	09/30/2018	0.100	397.346	342.000	348.000	1461.000	403.800	408.400	413.100	416.200	420.200	423.600	429.000	432.800
"FITB"	"500"	18125.000	09/30/2018	0.100	654.504	82.000	-105.000	2185.000	667.624	683.345	689.820	703.098	721.280	741.401	747.668	746.287
"FL"	"500"	15141.000	08/04/2018	0.400	107.207	263.000	134.000	1069.000	116.600	118.700	120.000	126.000	131.300	131.400	132.200	132.900
"FLIR"	"500"	3542.000	09/30/2018	0.600	137.092	30.900	156.400	374.800	138.190	137.749	138.504	139.694	137.849	136.865	136.359	136.238
"FLR"	"500"	56706.000	09/30/2018	0.200	139.978	215.400	-147.200	40.000	140.713	140.654	140.099	139.896	139.887	139.818	139.443	139.258
"FLS"	"500"	17000.000	09/30/2018	0.000	130.323	71.000	27.800	265.000	130.843	130.844	130.761	130.757	130.760	130.732	130.690	130.573
"FLT"	"500"	7890.000	09/30/2018	0.600	121.653	76.900	136.500	811.600	88.456	89.169	89.765	89.659	90.751	92.013	92.108	92.576
"FMC"	"500"	7000.000	09/30/2018	0.400	133.500	137.000	82.700	430.000	134.852	134.767	134.589	134.468	134.371	134.237	133.966	133.890
"FOXA"	"500"	22400.000	09/30/2018	0.100	1531.866	570.000	182.000	3996.000	1854.000	1852.000	1853.000	1853.000	1852.000	1851.000	1851.000	1853.000
"FRT"	"500"	311.000	09/30/2018	0.500	73.276	0.800	61.900	484.300	73.400	72.990	72.905	72.519	72.091	72.001	71.965	71.630
"FTI"	"500"	37000.000	09/30/2018	0.100	450.165	340.500	-1342.800	-413.000	454.500	461.400	464.300	466.400	467.200	466.700	466.600	-99999999.990
"FTNT"	"500"	5066.000	09/30/2018	11.200	141.086	55.100	263.500	616.200	169.800	168.600	167.700	171.501	175.519	175.741	174.489	173.848
"FTV"	"500"	26000.000	09/28/2018	1.800	293.068	142.100	234.200	1363.000	349.900	349.200	348.600	348.100	347.700	347.200	347.000	343.000
"GD"	"500"	98600.000	09/30/2018	0.100	278.934	602.000	-1712.000	3053.000	295.339	296.153	296.399	296.982	298.145	299.790	301.771	302.493
"GE"	"500"	313000.000	09/30/2018	0.000	8686.342	409.000	-13660.000	6472.000	8694.000	8688.000	8683.000	8681.000	8665.000	8671.000	8714.000	8812.000
"GILD"	"500"	10000.000	09/30/2018	0.400	1284.995	896.000	3061.000	8808.000	1296.000	1298.000	1307.000	1307.000	1306.000	1307.000	1308.000	1315.000
"GIS"	"500"	40000.000	08/26/2018	0.200	594.422	619.100	-387.900	2857.900	598.000	587.000	572.500	571.300	576.500	579.000	580.700	588.800
"GLW"	"500"	46200.000	09/30/2018	0.100	798.193	620.000	-1962.000	2866.000	805.000	819.000	848.000	865.000	883.000	908.000	925.000	942.000
"GM"	"500"	180000.000	09/30/2018	0.000	1309.119	8662.000	4978.000	16114.000	1412.000	1410.000	1408.000	1411.000	1445.000	1497.000	1505.000	1516.000
"GOOGL"	"500"	94372.000	09/30/2018	0.000	627.898	22365.000	2862.000	45252.000	695.634	694.935	694.752	694.605	693.485	691.959	691.555	689.815
"GPC"	"500"	48000.000	09/30/2018	0.000	142.612	151.500	149.000	1198.200	146.763	146.748	146.727	146.624	146.720	147.079	148.154	148.475
"GPN"	"500"	10000.000	09/30/2018	0.700	151.933	201.400	-195.400	813.300	158.168	159.003	159.321	159.194	154.560	152.525	152.304	306.290
"GPS"	"500"	135000.000	11/03/2018	5.100	241.678	778.000	-393.000	1347.000	384.000	387.000	389.000	387.000	391.000	395.000	399.000	400.000
"GRMN"	"500"	12300.000	09/29/2018	1.300	118.101	6.100	165.000	900.000	188.799	188.542	188.322	187.606	187.616	187.757	188.333	188.191
"GS"	"500"	39800.000	09/30/2018	0.100	365.986	6923.000	2261.000	-4303.000	385.400	387.000	389.100	389.800	398.200	406.100	407.700	415.100
"GT"	"500"	64000.000	09/30/2018	0.000	232.241	813.000	94.000	1288.000	236.000	239.000	240.000	243.000	250.000	252.000	252.000	258.000
"GWW"	"500"	24400.000	09/30/2018	1.700	46.625	218.000	165.100	889.900	56.340	56.256	56.063	56.669	57.317	58.013	58.188	59.160
"HAL"	"500"	55000.000	09/30/2018	0.100	873.549	1914.000	159.000	3316.000	877.000	877.000	875.000	873.000	872.000	869.000	867.000	864.000
"HAS"	"500"	5400.000	09/30/2018	0.400	115.431	136.400	-337.700	697.300	127.161	125.711	125.073	124.544	125.170	125.263	125.182	124.926
"HBAN"	"500"	15772.000	09/30/2018	0.800	1050.001	111.400	105.000	1991.700	1084.536	1103.337	1083.836	1077.399	1086.038	1088.934	1086.374	1085.251
"HBI"	"500"	67200.000	09/29/2018	0.600	356.475	90.100	21.700	465.900	363.510	362.011	361.882	364.065	366.083	365.911	373.218	380.423
"HCA"	"500"	253000.000	09/30/2018	0.200	271.358	3402.000	-140.000	6320.000	345.823	348.615	350.850	353.026	360.170	365.847	370.289	373.460
"HCP"	"500"	190.000	09/30/2018	0.000	468.926	553.100	-67.400	842.100	469.867	469.769	469.557	469.110	468.975	468.809	468.560	467.987
"HD"	"500"	413000.000	10/28/2018	0.000	1128.236	2254.000	-1785.000	12326.000	1135.000	1144.000	1152.000	1160.000	1168.000	1183.000	1198.000	1208.000
"HES"	"500"	2075.000	09/30/2018	0.000	260.484	209.000	478.000	1401.000	294.300	297.500	309.500	313.500	314.500	314.400	313.900	313.500
"HFC"	"500"	3522.000	09/30/2018	0.500	172.196	55.200	444.900	1295.900	175.097	175.899	176.617	176.267	176.149	176.146	176.210	175.933
"HIG"	"500"	16400.000	09/30/2018	0.200	357.398	-99999999.990	-99999999.990	-99999999.990	358.600	358.300	357.500	363.700	360.200	366.000	371.400	387.700
"HII"	"500"	38000.000	09/30/2018	0.100	42.030	447.000	-431.000	700.000	43.300	44.200	44.800	45.400	45.400	45.700	46.300	46.200
"HLT"	"500"	163000.000	09/30/2018	0.200	292.094	73.000	-96.000	1192.000	297.000	301.000	316.000	318.000	322.000	327.000	330.000	329.000
"HOG"	"500"	5200.000	09/30/2018	0.000	161.895	212.100	228.200	1178.500	165.927	166.589	168.139	167.894	169.850	174.409	176.001	176.367
"HOLX"	"500"	6252.000	09/29/2018	0.700	288.029	47.200	126.100	732.900	272.720	273.729	277.114	276.856	279.541	280.824	280.215	278.663
"HON"	"500"	131000.000	09/30/2018	0.100	737.504	940.000	2414.000	7047.000	741.800	745.500	750.600	759.100	762.200	764.200	763.100	762.200
"HP"	"500"	8780.000	09/30/2018	1.100	105.908	466.600	-237.000	544.500	108.950	108.905	108.862	108.822	108.590	108.572	108.565	108.276
"HPE"	"500"	66000.000	07/31/2018	0.100	1468.725	2818.000	-1115.000	1729.000	1513.000	1552.000	1591.000	1616.000	1641.000	1658.000	1669.000	1694.000
"HPQ"	"500"	49000.000	07/31/2018	0.100	1578.720	468.000	-1976.000	4501.000	1601.000	1630.000	1650.000	1670.000	1681.000	1688.000	1704.000	1715.000
"HRB"	"500"	2700.000	07/31/2018	0.500	204.637	97.500	442.300	883.600	207.673	209.217	209.080	209.065	207.935	207.355	207.862	215.535
"HRL"	"500"	20400.000	07/29/2018	0.100	277.955	285.500	-287.300	1173.000	530.606	529.799	529.453	527.991	528.165	528.712	528.585	528.741
"HRS"	"500"	17500.000	09/28/2018	0.400	117.215	144.000	-83.000	773.000	117.900	118.300	118.400	118.500	119.100	120.500	122.600	123.700
"HSIC"	"500"	22000.000	09/29/2018	0.100	150.749	88.000	39.900	628.800	152.533	153.353	153.106	154.990	156.914	157.748	157.716	158.764
"HST"	"500"	205.000	09/30/2018	0.500	733.142	125.000	506.000	1307.000	739.900	739.700	739.200	738.900	738.800	738.600	738.000	737.600
"HSY"	"500"	15360.000	09/30/2018	0.300	269.902	350.000	548.700	1516.500	209.775	209.568	210.734	211.108	212.038	213.086	212.933	212.867
"HUM"	"500"	45900.000	09/30/2018	0.100	136.800	586.000	-5723.000	-405.000	137.709	137.763	137.903	141.334	144.215	144.600	147.824	149.537
"IBM"	"500"	366600.000	09/30/2018	0.000	907.888	551.000	547.000	16860.000	911.200	915.064	920.680	924.511	929.400	934.924	942.441	948.610
"ICE"	"500"	4952.000	09/30/2018	0.200	559.164	82.000	220.000	2410.000	572.000	578.000	582.000	583.000	591.000	591.000	594.000	595.000
"IDXX"	"500"	7600.000	09/30/2018	1.300	84.817	2.500	-22.100	385.600	86.756	87.004	87.331	87.424	87.537	88.004	88.117	89.285
"IFF"	"500"	7300.000	09/30/2018	17.400	106.417	154.100	4958.500	393.200	81.263	79.065	79.018	79.064	79.063	79.072	79.098	79.411
"ILMN"	"500"	6200.000	09/30/2018	0.400	146.383	0.000	-8.000	1136.000	147.000	147.000	147.000	146.000	146.000	146.000	146.000	146.803
"INCY"	"500"	1208.000	09/30/2018	0.300	211.766	73.500	-15.800	163.100	212.627	212.210	211.681	211.123	206.796	205.141	195.260	188.596
"INFO"	"500"	13000.000	08/31/2018	0.200	358.289	236.900	0.600	1174.900	393.000	391.800	398.000	397.600	397.600	399.700	406.200	416.600
"INTC"	"500"	102700.000	09/29/2018	0.000	4561.793	15360.000	-5668.000	29773.000	4574.000	4649.000	4674.000	4683.000	4688.000	4710.000	4723.000	4736.000
"INTU"	"500"	8900.000	10/31/2018	0.100	248.983	23.000	626.000	2047.000	260.000	256.000	257.000	256.000	256.000	257.000	256.000	257.000
"IP"	"500"	56000.000	09/30/2018	0.100	396.970	-99999999.990	-99999999.990	-99999999.990	407.400	413.200	413.500	412.700	412.900	412.900	412.100	411.400
"IPG"	"500"	50200.000	09/30/2018	0.300	381.842	152.900	1161.700	694.100	382.600	383.600	383.400	384.800	389.500	392.300	391.700	392.099
"IPGP"	"500"	5030.000	09/30/2018	0.500	35.685	160.700	-232.700	388.800	53.571	53.662	53.694	53.621	53.440	53.380	53.368	53.155
"IQV"	"500"	55000.000	09/30/2018	2.100	168.682	423.000	-276.000	1070.000	202.300	205.700	207.500	209.100	214.300	217.600	230.100	238.569
"IR"	"500"	46000.000	09/30/2018	0.200	244.679	322.600	-236.500	1547.700	246.400	247.500	250.400	250.400	253.300	256.400	259.400	259.800
"IRM"	"500"	24000.000	09/30/2018	0.800	280.279	12.900	-140.200	826.600	286.159	285.984	285.259	270.323	265.198	264.217	263.855	263.530
"ISRG"	"500"	4444.000	09/30/2018	0.700	113.091	162.900	133.300	1163.500	114.000	113.500	112.800	112.000	111.800	111.000	111.900	115.801
"IT"	"500"	15131.000	09/30/2018	2.900	88.077	99.800	-434.900	448.300	90.854	91.048	91.005	91.109	90.624	89.297	82.835	82.637
"ITW"	"500"	50000.000	09/30/2018	0.100	331.030	360.000	-1196.000	2697.000	333.300	336.700	340.200	342.300	343.400	344.600	346.200	348.100
"IVZ"	"500"	7410.000	09/30/2018	0.300	405.143	97.300	-313.300	883.100	414.300	413.900	411.300	410.000	410.000	409.900	407.700	408.700
"JBHT"	"500"	24681.000	09/30/2018	2.300	86.608	874.800	-0.100	1004.200	109.254	109.449	109.754	109.750	109.703	109.630	110.878	111.526
"JCI"	"500"	122000.000	09/30/2018	0.200	921.973	1030.000	-121.000	2522.000	924.800	925.600	926.200	926.100	929.600	935.400	939.200	937.200
"JEC"	"500"	74400.000	09/28/2018	0.500	141.468	0.000	19.200	481.200	142.222	142.015	141.785	124.122	119.400	119.206	119.484	119.438
"JEF"	"500"	12700.000	09/30/2018	7.200	285.835	342.000	242.500	-205.300	341.434	347.367	355.643	357.105	367.828	368.282	369.209	369.402
"JKHY"	"500"	6307.000	09/30/2018	0.800	76.674	11.300	10.800	420.200	77.188	77.261	77.247	77.218	77.283	77.601	77.597	77.814
"JNJ"	"500"	134000.000	09/30/2018	0.000	2680.097	3592.000	335.000	22062.000	2683.200	2682.300	2682.200	2742.000	2684.600	2691.900	2706.600	2714.500
"JNPR"	"500"	9381.000	09/30/2018	0.100	340.410	164.500	106.500	862.900	346.200	349.000	355.300	370.800	378.300	380.400	380.900	379.900
"JPM"	"500"	255313.000	09/30/2018	0.100	3299.665	0.000	-78255.000	27302.000	3376.100	3415.200	3458.300	3493.700	3534.700	3552.800	3601.700	3611.400
"JWN"	"500"	75000.000	08/04/2018	11.200	114.127	707.000	313.000	1283.000	167.800	167.800	167.100	166.600	166.400	167.300	172.900	173.400
"K"	"500"	33000.000	09/29/2018	0.000	344.576	516.000	42.000	1451.000	347.000	347.000	346.000	348.000	345.000	349.000	351.000	350.000
"KEY"	"500"	18415.000	09/30/2018	0.300	1030.675	129.000	-243.000	1530.000	1036.479	1052.652	1056.037	1062.424	1073.390	1076.203	1068.609	1068.792
"KEYS"	"500"	12900.000	07/31/2018	0.600	187.327	97.000	-199.000	431.000	188.000	188.000	187.000	186.000	186.000	177.000	171.000	170.000
"KHC"	"500"	39000.000	09/29/2018	0.000	621.947	855.000	-182.000	1410.000	1219.000	1219.000	1219.000	1218.000	1218.000	1218.000	1217.000	1220.000
"KIM"	"500"	546.000	09/30/2018	0.100	409.514	7.900	-112.300	708.600	419.230	420.168	421.396	423.734	423.688	423.650	423.583	423.121
"KLAC"	"500"	6550.000	09/30/2018	0.300	152.745	73.500	328.800	1236.900	155.221	155.743	156.221	156.587	156.826	156.666	156.749	156.335
"KMB"	"500"	42000.000	09/30/2018	0.000	345.026	756.000	-161.000	2884.000	347.200	348.800	350.400	351.200	352.700	354.400	356.000	357.600
"KMI"	"500"	10897.000	09/30/2018	0.300	1901.149	961.000	2959.000	4669.000	2205.000	2204.000	2207.000	2230.000	2231.000	2230.000	2230.000	2233.000
"KMX"	"500"	25110.000	08/31/2018	0.400	173.736	312.800	34.000	-50.800	176.284	178.139	180.668	181.888	182.868	185.200	187.079	189.200
"KO"	"500"	61800.000	09/28/2018	0.100	4223.477	1398.000	-3356.000	6878.000	4255.000	4255.000	4265.000	4263.000	4266.000	4273.000	4287.000	4302.000
"KORS"	"500"	8166.000	09/29/2018	3.200	143.260	3.900	-22.700	997.100	149.575	149.502	150.818	152.048	151.781	154.487	159.944	163.149
"KR"	"500"	449000.000	08/18/2018	0.700	792.135	2774.000	-458.000	3348.000	797.000	839.000	877.000	887.000	897.000	914.000	930.000	940.000
"KSS"	"500"	33000.000	08/04/2018	0.700	164.579	589.000	197.000	2032.000	165.000	165.000	164.000	166.000	168.000	170.000	172.000	177.000
"KSU"	"500"	7130.000	09/30/2018	0.200	101.114	98.900	18.700	1000.500	101.658	102.092	102.574	103.021	104.324	105.473	106.111	106.840
"L"	"500"	18100.000	09/30/2018	0.000	274.413	1027.000	155.000	4175.000	315.900	318.870	327.780	335.740	336.910	336.910	336.880	336.810
"LB"	"500"	25200.000	11/03/2018	0.100	227.342	669.000	-387.000	1281.000	275.000	277.000	279.000	281.000	284.000	287.000	286.000	287.000
"LEG"	"500"	22500.000	09/30/2018	0.900	129.152	163.000	20.600	433.300	133.800	134.000	135.300	135.700	135.700	136.000	136.800	137.300
"LEN"	"500"	9111.000	08/31/2018	0.900	303.519	122.300	-3223.700	605.900	327.214	314.630	307.361	251.537	232.673	232.517	236.852	226.242
"LH"	"500"	60000.000	09/30/2018	0.300	100.322	0.200	483.400	1345.300	101.600	101.900	101.900	102.400	102.200	102.400	102.500	103.100
"LIN"	"500"	26714.000	09/30/2018	0.100	550.658	1395.000	-7.000	3185.000	288.093	287.803	287.504	286.978	286.467	286.090	285.509	285.719
"LKQ"	"500"	43000.000	09/30/2018	0.400	315.118	215.300	66.300	590.800	318.082	312.556	309.517	309.075	308.909	308.407	308.028	307.518
"LLL"	"500"	31000.000	09/28/2018	0.400	78.242	240.000	68.000	788.000	78.500	78.400	78.200	78.000	78.200	78.000	77.700	77.400
"LLY"	"500"	40655.000	09/30/2018	11.200	1057.188	1259.800	5235.700	5819.300	1020.400	1030.200	1048.000	1043.692	1053.400	1055.000	1056.300	1058.096
"LMT"	"500"	100000.000	09/30/2018	0.000	284.186	1326.000	-2044.000	2433.000	284.300	285.000	285.500	285.700	287.100	288.500	290.000	291.200
"LNC"	"500"	9047.000	09/30/2018	0.200	211.504	0.000	-505.000	1213.000	215.901	217.997	218.369	218.579	220.814	223.555	225.620	227.605
"LNT"	"500"	3989.000	09/30/2018	0.000	235.572	1469.500	231.500	542.200	235.200	232.000	231.400	231.200	231.000	229.000	227.600	227.400
"LOW"	"500"	200000.000	08/03/2018	0.000	800.215	1145.000	-398.000	5199.000	813.000	825.000	827.000	831.000	841.000	857.000	868.000	873.000
"LRCX"	"500"	10900.000	09/23/2018	0.100	154.588	269.500	161.200	2517.700	155.658	160.917	162.378	161.135	162.141	162.213	163.408	162.659
"LUV"	"500"	58559.000	09/30/2018	0.000	560.659	62.000	644.000	4467.000	569.000	578.000	587.000	589.000	597.000	604.000	613.000	618.000
"LW"	"500"	7200.000	08/26/2018	0.500	145.614	289.400	80.700	565.600	146.500	146.300	146.300	146.300	146.200	146.100	146.100	146.000
"LYB"	"500"	13400.000	09/30/2018	0.000	301.549	1808.000	-679.000	5656.000	388.462	391.000	394.000	-99999999.990	395.000	401.000	403.000	407.000
"M"	"500"	130000.000	08/04/2018	0.000	305.824	271.000	321.000	2029.000	307.700	306.600	305.700	305.500	305.500	305.000	305.500	308.400
"MA"	"500"	13400.000	09/30/2018	0.100	906.735	162.000	1180.000	6605.000	1037.000	1043.000	1051.000	1055.000	1063.000	1070.000	1078.000	1089.000
"MAA"	"500"	2419.000	09/30/2018	0.100	113.048	-99999999.990	-46.600	702.100	113.671	113.646	113.621	113.452	113.434	113.413	113.338	88.180
"MAC"	"500"	855.000	09/30/2018	0.000	140.257	-1.600	20.200	333.700	141.196	141.137	141.024	140.944	141.299	141.695	143.596	143.884
"MAR"	"500"	177000.000	09/30/2018	0.300	279.257	547.000	-141.000	2344.000	346.700	353.400	358.400	365.300	372.300	378.500	384.900	388.700
"MAS"	"500"	26000.000	09/30/2018	0.400	303.674	220.000	-572.000	938.000	304.000	306.000	310.000	311.000	313.000	315.000	317.000	320.000
"MAT"	"500"	28000.000	09/30/2018	0.100	343.735	80.500	27.800	-19.000	345.285	344.584	344.434	344.344	343.870	343.116	342.914	342.653
"MCD"	"500"	235000.000	09/30/2018	0.000	770.432	2508.300	-96.700	6564.400	772.800	780.000	790.900	794.200	805.300	811.600	818.800	823.500
"MCHP"	"500"	14234.000	09/30/2018	0.000	231.297	286.200	-366.700	1514.400	235.800	235.200	234.766	234.106	233.299	229.429	222.704	216.210
"MCK"	"500"	78000.000	09/30/2018	0.000	195.195	154.000	-445.000	3324.000	198.000	202.000	205.000	207.000	209.000	211.000	212.000	221.000
"MCO"	"500"	12621.000	09/30/2018	0.200	190.597	84.100	72.000	1489.400	191.800	191.900	191.400	191.100	191.100	191.000	191.100	190.900
"MDLZ"	"500"	83000.000	09/30/2018	0.100	1448.809	1094.000	981.000	2292.000	1466.000	1471.500	1489.000	1498.000	1507.000	1512.500	1529.000	1541.000
"MDT"	"500"	86000.000	10/26/2018	0.100	1332.717	-99999999.990	-99999999.990	-99999999.990	1349.200	1352.700	1355.200	1354.000	1355.100	1361.900	1369.900	1372.200
"MET"	"500"	49000.000	09/30/2018	0.100	836.850	0.000	-533.000	12487.000	992.700	1015.600	1035.900	1052.300	1062.300	1074.000	1090.400	1100.200
"MGM"	"500"	52000.000	09/30/2018	0.300	487.379	1688.700	-684.000	2090.000	535.130	548.433	564.832	566.226	573.527	574.931	574.403	573.876
"MHK"	"500"	38800.000	09/29/2018	0.400	60.188	894.300	6.800	1213.900	74.603	74.597	74.453	74.438	74.338	74.327	74.212	74.164
"MKC"	"500"	11700.000	08/31/2018	0.100	129.150	186.600	-93.100	901.300	131.600	131.400	131.200	130.700	126.300	124.700	125.100	126.000
"MLM"	"500"	8406.000	09/30/2018	0.200	62.288	358.400	-1416.400	546.600	62.932	62.951	62.957	62.908	62.896	62.918	62.910	63.301
"MMC"	"500"	65000.000	09/30/2018	0.000	502.664	307.000	-127.000	2075.000	504.000	507.000	508.000	510.000	512.000	514.000	515.000	516.000
"MMM"	"500"	91536.000	09/30/2018	0.000	581.359	1505.000	354.000	6041.000	585.600	591.400	596.200	596.300	597.600	598.100	598.100	600.200
"MNST"	"500"	2991.000	09/30/2018	0.100	400.385	65.600	248.200	1019.000	552.694	559.867	566.000	564.478	567.878	567.910	571.578	568.821
"MO"	"500"	8300.000	09/30/2018	0.000	1876.844	180.000	-151.000	7323.000	1883.000	1891.000	1899.000	1903.000	1915.000	1928.000	1939.000	1946.000
"MOS"	"500"	8500.000	09/30/2018	0.000	350.613	895.600	324.500	1671.000	385.500	385.400	382.600	350.900	351.100	351.000	350.500	350.400
"MPC"	"500"	43800.000	09/30/2018	0.400	684.243	3119.000	2901.000	6173.000	451.000	459.000	476.000	486.000	504.000	513.000	525.000	528.000
"MRK"	"500"	69000.000	09/30/2018	0.000	2598.750	2401.000	-77.000	11345.000	2662.000	2683.000	2695.000	2715.000	2727.000	2734.000	2745.000	2757.000
"MRO"	"500"	2300.000	09/30/2018	0.000	829.079	804.000	-231.000	2880.000	848.000	854.000	851.000	850.000	850.000	850.000	849.000	849.000
"MS"	"500"	59835.000	09/30/2018	24.400	1297.422	1813.000	10311.000	16092.000	1697.000	1720.000	1740.000	1753.000	1776.000	1791.000	1801.000	1807.000
"MSCI"	"500"	3121.000	09/30/2018	0.100	85.994	17.900	599.400	582.700	88.796	89.112	90.075	90.126	90.112	90.404	90.708	93.307
"MSFT"	"500"	131000.000	09/30/2018	0.100	7568.684	13102.000	8253.000	45101.000	7673.000	7682.000	7698.000	7710.000	7708.000	7716.000	7725.000	7755.000
"MSI"	"500"	15000.000	09/29/2018	0.100	162.890	149.000	134.000	1024.000	162.600	162.200	161.400	162.000	162.300	163.100	164.200	165.400
"MTB"	"500"	15913.000	09/30/2018	0.200	131.361	68.800	-237.500	2023.800	142.822	144.123	145.786	150.038	151.347	152.857	153.248	155.112
"MTD"	"500"	15400.000	09/30/2018	0.400	24.473	138.300	-31.600	531.500	25.126	25.299	25.468	25.563	25.613	25.751	25.932	26.136
"MU"	"500"	36000.000	08/30/2018	0.200	1083.567	8879.000	1371.000	17400.000	1158.000	1159.000	1156.000	1134.000	1110.000	1106.000	1099.000	1040.000
"MXIM"	"500"	7149.000	09/29/2018	0.300	274.922	-99999999.990	-99999999.990	-99999999.990	278.045	279.341	280.850	281.560	282.170	282.544	282.903	283.294
"MYL"	"500"	35000.000	09/30/2018	0.000	486.369	256.900	-189.600	2201.100	514.500	514.400	514.400	533.300	535.200	535.000	534.500	534.300
"NBL"	"500"	2277.000	09/30/2018	0.100	469.967	3282.000	119.000	2309.000	482.000	484.000	487.000	484.000	487.000	472.000	431.000	430.000
"NCLH"	"500"	31000.000	09/30/2018	0.300	217.065	1604.400	-236.400	1946.200	221.512	223.308	227.344	228.488	228.267	227.931	227.469	227.180
"NDAQ"	"500"	4416.000	09/30/2018	0.100	133.564	114.000	-175.000	968.000	164.227	165.748	166.922	166.871	166.695	165.416	166.473	165.815
"NEE"	"500"	13900.000	09/30/2018	0.100	477.105	233.000	-1048.000	6309.000	473.100	471.100	470.700	470.300	469.400	467.900	467.500	467.300
"NEM"	"500"	12547.000	09/30/2018	0.200	531.329	1072.000	147.000	1838.000	533.000	533.000	534.000	533.000	533.000	533.000	532.000	530.000
"NFLX"	"500"	5400.000	09/30/2018	0.000	428.439	41.600	1332.100	-1933.400	435.809	435.097	434.174	433.121	432.404	431.396	430.600	429.746
"NFX"	"500"	1010.000	09/30/2018	0.500	199.247	32.000	-168.000	1398.000	200.000	200.000	200.000	199.000	199.000	199.000	199.000	199.000
"NI"	"500"	8175.000	09/30/2018	0.200	362.039	102.700	24.900	1139.800	363.900	354.200	338.000	337.500	331.139	325.100	323.700	322.885
"NKE"	"500"	73100.000	08/31/2018	1.200	1262.150	1101.000	-131.000	5681.000	1594.000	1605.500	1623.500	1627.000	1639.100	1646.700	1653.100	1659.100
"NKTR"	"500"	509.000	09/30/2018	0.900	171.736	7.900	184.300	755.400	172.698	171.378	160.884	158.353	156.411	155.352	153.666	149.139
"NLSN"	"500"	46000.000	09/30/2018	0.300	353.479	130.000	-216.000	1018.000	354.993	355.774	356.461	356.214	356.427	356.830	357.400	357.411
"NOC"	"500"	70000.000	09/30/2018	0.100	172.693	1064.000	-650.000	3057.000	174.100	174.500	174.300	174.100	174.200	174.500	174.800	176.200
"NOV"	"500"	31321.000	09/30/2018	0.200	382.148	238.000	-429.000	621.000	379.000	378.000	377.000	377.000	377.000	377.000	376.000	379.000
"NRG"	"500"	5940.000	09/30/2018	0.500	287.851	703.000	210.000	1415.000	299.000	304.000	318.000	317.000	317.000	317.000	316.000	319.000
"NSC"	"500"	27110.000	09/30/2018	0.000	272.068	1734.000	93.000	3672.000	275.500	281.300	283.500	285.200	287.100	289.000	290.300	297.500
"NTAP"	"500"	10300.000	10/26/2018	0.100	251.420	187.000	-1176.000	1405.000	258.000	262.000	265.000	268.000	269.000	270.000	270.000	274.000
"NTRS"	"500"	18100.000	09/30/2018	0.300	220.237	66.900	-189.500	2159.100	222.443	224.208	225.681	226.775	228.011	229.197	229.060	227.639
"NUE"	"500"	25100.000	09/29/2018	0.400	309.953	796.900	794.200	2029.400	315.913	316.921	318.704	319.201	320.096	320.175	320.224	319.920
"NVDA"	"500"	11528.000	10/28/2018	0.400	584.099	813.000	-2081.000	4203.000	609.000	607.000	606.000	605.000	603.000	597.000	592.000	556.000
"NWL"	"500"	49000.000	09/30/2018	0.400	463.593	368.800	931.200	-220.100	471.000	476.050	486.150	487.900	490.400	488.350	484.250	490.300
"NWSA"	"500"	28000.000	09/30/2018	0.000	503.796	435.000	9.000	874.000	583.900	583.000	582.800	582.700	582.300	582.000	581.600	581.400
"O"	"500"	154.000	09/30/2018	0.100	294.411	25.800	6.300	925.600	290.664	284.929	283.917	282.110	275.512	272.588	263.341	258.407
"OKE"	"500"	2470.000	09/30/2018	0.200	409.014	1491.600	72.800	1895.900	412.117	411.946	409.676	385.584	380.907	211.785	211.619	211.128
"OMC"	"500"	77300.000	09/30/2018	0.300	222.161	163.900	256.100	1941.300	224.800	226.800	230.200	231.400	231.200	232.100	234.600	236.400
"ORCL"	"500"	137000.000	08/31/2018	30.000	2650.071	1646.000	-2866.000	15542.000	3904.000	4046.000	4122.000	4160.000	4156.000	4130.000	4107.000	4104.000
"ORLY"	"500"	45440.000	09/30/2018	0.300	78.352	468.600	2.700	1658.300	80.593	81.733	83.530	84.781	86.947	90.030	92.001	93.806
"OXY"	"500"	11000.000	09/30/2018	0.100	753.611	730.000	1148.000	6590.000	761.700	765.700	765.600	765.700	765.500	764.900	764.400	764.100
"PAYX"	"500"	14500.000	08/31/2018	10.700	320.149	40.200	205.700	1206.500	359.100	358.700	359.200	359.100	358.900	359.200	359.000	360.200
"PBCT"	"500"	5188.000	09/30/2018	0.000	374.779	15.400	-178.600	661.500	341.400	340.700	339.800	338.400	336.900	336.600	308.800	305.200
"PCAR"	"500"	25000.000	09/30/2018	1.400	342.010	462.000	600.700	2820.500	350.700	351.700	352.500	352.500	351.900	351.800	351.600	351.100
"PCG"	"500"	23000.000	09/30/2018	0.100	517.554	6295.000	239.000	5476.000	517.000	516.000	515.000	515.000	513.000	511.000	508.000	505.000
"PEG"	"500"	12945.000	09/30/2018	0.100	504.819	138.000	-174.000	3019.000	504.000	504.000	504.000	505.000	505.000	505.000	505.000	505.000
"PEP"	"500"	263000.000	09/08/2018	0.100	1408.711	3073.000	1728.000	8639.000	1414.000	1417.000	1420.000	1419.000	1425.000	1428.000	1428.000	1427.000
"PFE"	"500"	90200.000	09/30/2018	0.100	5796.581	120.000	780.000	17829.000	5875.000	5866.000	5957.000	5964.000	5951.000	5958.000	6006.000	6071.000
"PFG"	"500"	15378.000	09/30/2018	0.400	282.285	104.900	131.700	4273.200	284.900	286.400	289.400	289.200	289.300	288.900	288.300	288.200
"PG"	"500"	92000.000	09/30/2018	0.100	2482.976	3665.000	-2479.000	14803.000	2495.800	2510.100	2522.700	2533.900	2550.500	2557.900	2563.300	2596.600
"PGR"	"500"	33656.000	09/30/2018	0.200	579.508	210.800	-133.600	5735.200	582.700	582.000	582.000	581.100	581.300	580.500	580.300	579.600
"PH"	"500"	57170.000	09/30/2018	0.300	131.823	210.400	77.400	1520.700	132.362	132.697	133.032	133.113	133.177	133.278	133.232	133.320
"PHM"	"500"	4810.000	09/30/2018	0.000	256.481	62.000	331.500	1184.000	283.489	284.308	285.626	291.997	298.538	303.996	313.668	325.839
"PKG"	"500"	14600.000	09/30/2018	0.800	93.375	5.000	-76.700	1107.300	93.700	93.800	93.600	93.500	93.600	93.400	93.400	93.200
"PKI"	"500"	11000.000	09/30/2018	0.700	110.262	77.200	-557.000	279.700	110.724	110.477	110.296	110.064	110.003	109.894	109.468	109.340
"PLD"	"500"	1565.000	09/30/2018	0.000	625.230	104.400	-293.200	1600.900	574.520	532.639	532.185	531.492	531.288	530.040	528.721	528.026
"PM"	"500"	80600.000	09/30/2018	0.000	1551.725	1655.000	-1783.000	9977.000	1555.000	1555.000	1553.000	1552.000	1553.000	1553.000	1552.000	1551.000
"PNC"	"500"	50358.000	09/30/2018	0.100	460.421	0.000	512.000	6576.000	465.000	469.000	473.000	475.000	479.000	484.000	487.000	488.000
"PNR"	"500"	18400.000	09/30/2018	0.000	172.537	45.900	-16.800	570.000	174.300	176.900	177.500	181.700	181.500	181.700	181.800	181.900
"PNW"	"500"	90.000	09/30/2018	0.100	111.651	1279.500	54.300	1305.900	112.148	112.115	112.017	111.995	111.835	111.797	111.728	111.547
"PPG"	"500"	47200.000	09/30/2018	0.000	239.184	379.000	-1184.000	1203.000	242.200	244.900	249.800	253.400	256.200	257.100	257.600	261.400
"PPL"	"500"	12512.000	09/30/2018	-99999999.990	720.007	2357.000	162.000	2917.000	703.730	699.006	694.514	689.611	686.563	683.841	680.882	679.653
"PRGO"	"500"	10400.000	09/29/2018	0.100	135.693	32.800	-331.700	615.600	137.400	138.100	140.800	141.700	141.300	143.300	143.400	143.600
"PRU"	"500"	49705.000	09/30/2018	0.000	412.165	0.000	-1983.000	14927.000	416.200	419.500	422.000	423.700	426.200	428.300	429.900	430.700
"PSA"	"500"	5600.000	09/30/2018	9.500	149.175	133.100	-268.000	2051.500	173.975	173.932	173.892	173.772	173.715	173.602	173.364	173.193
"PSX"	"500"	14600.000	09/30/2018	0.100	460.218	2182.000	-623.000	5365.000	466.109	468.331	487.065	508.100	512.923	517.785	521.647	524.174
"PVH"	"500"	19600.000	08/05/2018	0.300	76.311	366.400	-56.400	619.000	77.000	77.100	77.000	77.300	77.800	78.200	79.000	80.000
"PWR"	"500"	32800.000	09/30/2018	0.000	142.425	3.000	19.700	419.300	152.562	153.325	156.546	161.232	157.484	155.090	155.168	154.878
"PXD"	"500"	3836.000	09/30/2018	0.300	169.136	271.000	283.000	3120.000	171.000	170.000	170.000	170.000	170.000	170.000	170.000	169.000
"PYPL"	"500"	18700.000	09/30/2018	0.100	1118.623	779.000	5260.000	4202.000	1181.000	1187.000	1192.000	1203.000	1202.000	1202.000	1203.000	1207.000
"QCOM"	"500"	35400.000	09/30/2018	0.000	1209.872	784.000	-23252.000	3895.000	1415.000	1478.000	1482.000	1477.000	1474.000	1478.000	1477.000	1478.000
"QRVO"	"500"	8300.000	09/29/2018	0.600	124.379	191.300	-17.000	818.800	125.643	126.198	126.532	127.034	127.257	126.961	126.545	126.852
"RCL"	"500"	66000.000	09/30/2018	0.500	165.546	2685.900	114.900	3166.900	209.054	211.673	211.906	213.822	214.694	215.085	214.870	201.683
"RE"	"500"	1276.000	09/30/2018	0.100	30.295	0.000	70.200	739.300	40.350	40.396	40.496	40.589	40.638	40.618	40.529	40.438
"REG"	"500"	446.000	09/30/2018	0.500	159.324	4.700	14.500	590.500	169.438	169.424	170.704	170.501	170.105	170.088	126.649	104.535
"REGN"	"500"	6200.000	09/30/2018	0.400	76.123	405.300	295.800	2033.200	108.033	107.800	107.648	107.028	106.706	106.034	105.572	105.118
"RF"	"500"	21714.000	09/30/2018	0.100	1028.691	38.000	-266.000	1548.000	1086.000	1119.000	1127.000	1153.000	1182.000	1202.000	1209.000	1222.000
"RHI"	"500"	17200.000	09/30/2018	0.200	117.953	39.400	13.400	513.800	120.115	121.307	121.934	122.907	123.569	124.617	125.537	126.491
"RHT"	"500"	11870.000	08/31/2018	0.400	175.055	13.400	293.200	1001.300	176.746	177.302	177.036	177.063	177.257	177.243	177.802	179.233
"RJF"	"500"	13900.000	09/30/2018	0.500	127.618	133.600	-169.400	1903.300	145.616	145.634	145.385	145.153	143.923	143.712	143.367	143.050
"RL"	"500"	12800.000	09/29/2018	1.200	53.771	180.000	-562.400	751.100	81.300	81.900	81.700	81.700	81.700	81.600	82.100	82.600
"RMD"	"500"	5940.000	09/30/2018	0.700	140.732	9.200	-580.900	459.200	142.668	142.992	142.898	142.715	142.247	141.642	141.714	141.310
"ROK"	"500"	23000.000	09/30/2018	0.200	119.934	125.500	-792.100	1300.000	122.100	124.400	126.900	128.200	128.100	128.400	128.700	128.300
"ROL"	"500"	13126.000	09/30/2018	0.000	96.352	27.100	5.300	259.300	218.214	218.188	218.163	217.991	217.988	218.002	217.971	217.818
"ROP"	"500"	14236.000	09/30/2018	1.800	101.136	9.900	-242.200	1334.700	103.400	103.200	102.900	102.399	102.303	102.081	101.885	101.471
"ROST"	"500"	82700.000	08/04/2018	0.200	365.069	375.200	57.900	1632.500	371.031	373.797	375.819	379.432	383.011	386.433	388.260	390.870
"RSG"	"500"	35000.000	09/30/2018	0.100	323.585	1041.300	-28.800	2275.500	325.500	327.400	330.700	333.800	336.500	338.100	339.900	340.000
"RTN"	"500"	64000.000	09/30/2018	0.100	283.744	61.000	-238.000	2619.000	285.700	287.300	288.500	289.600	290.700	291.700	292.500	294.400
"SBAC"	"500"	1291.000	09/30/2018	0.500	111.865	145.700	-9.100	851.100	114.597	115.064	116.494	117.205	119.746	121.455	121.049	122.669
"SBUX"	"500"	291000.000	09/30/2018	2.800	1199.811	1976.400	6294.000	11937.800	1337.700	1377.100	1394.900	1421.000	1439.600	1447.700	1453.200	1457.500
"SCG"	"500"	5228.000	09/30/2018	0.000	135.114	873.000	-549.000	1100.000	143.000	143.000	143.000	143.000	143.000	142.900	142.900	142.900
"SCHW"	"500"	19100.000	09/30/2018	0.000	1199.118	533.000	9275.000	3467.000	1351.000	1350.000	1347.000	1342.000	1339.000	1338.000	1336.000	1330.000
"SEE"	"500"	15000.000	09/30/2018	0.100	154.694	172.100	-1113.400	241.900	157.200	159.700	161.100	174.900	186.900	192.500	193.400	192.200
"SHW"	"500"	52695.000	09/30/2018	0.200	82.516	245.500	-26.400	2056.400	93.100	92.926	93.340	93.255	92.988	92.841	92.551	92.097
"SIVB"	"500"	2836.000	09/30/2018	0.100	52.989	44.100	263.600	762.900	53.235	53.064	52.883	52.762	52.705	52.537	52.344	52.134
"SJM"	"500"	7000.000	10/31/2018	1.300	108.630	371.000	-9.100	1229.300	113.200	113.100	113.000	113.000	113.000	112.900	114.307	115.888
"SLB"	"500"	100000.000	09/30/2018	0.000	1383.450	2164.000	-197.000	5633.000	1385.000	1384.000	1385.000	1388.000	1385.000	1387.000	1393.000	1393.000
"SLG"	"500"	1065.000	09/30/2018	0.300	84.308	28.800	-122.300	449.300	85.566	87.176	90.520	95.991	97.783	99.900	100.643	100.320
"SNA"	"500"	12600.000	09/29/2018	1.000	55.514	93.200	28.100	742.100	56.260	56.400	56.700	56.800	57.200	57.800	57.900	58.170
"SNPS"	"500"	11686.000	07/31/2018	0.200	147.435	2.800	-413.800	478.100	148.490	149.034	149.441	150.448	150.214	150.384	150.782	151.681
"SO"	"500"	31344.000	09/30/2018	0.000	1058.092	7974.000	33.000	6726.000	1023.000	1014.000	1011.000	1006.000	1003.000	998.000	993.000	984.000
"SPG"	"500"	3300.000	09/30/2018	0.000	318.708	830.700	187.300	3625.500	309.294	309.355	310.584	310.848	310.853	311.579	312.810	313.692
"SPGI"	"500"	20400.000	09/30/2018	0.100	250.137	134.000	-109.000	2214.000	251.300	251.100	252.400	254.200	255.500	257.300	258.200	258.900
"SRE"	"500"	16046.000	09/30/2018	0.100	273.306	3884.000	23.000	3506.000	273.944	265.837	257.932	251.905	251.692	251.447	251.131	250.649
"STI"	"500"	23785.000	09/30/2018	0.000	438.345	80.000	-673.000	4196.000	460.252	465.529	468.723	474.223	478.258	482.913	490.091	491.444
"STT"	"500"	39020.000	09/30/2018	0.300	377.256	588.000	206.000	13900.000	374.963	365.619	367.439	369.882	372.765	375.395	381.224	384.063
"STX"	"500"	43000.000	09/28/2018	0.200	284.199	419.000	-344.000	2463.000	287.000	288.000	286.000	288.000	290.000	293.000	296.000	296.000
"STZ"	"500"	9600.000	08/31/2018	0.400	157.787	923.100	80.500	2167.000	190.495	191.389	193.593	195.255	195.159	194.899	195.576	200.866
"SWK"	"500"	57765.000	09/29/2018	0.200	150.503	491.900	-132.200	990.900	147.964	149.748	150.612	150.124	149.689	149.514	149.208	147.523
"SWKS"	"500"	9400.000	09/28/2018	0.200	176.801	8.600	-883.500	1260.600	178.300	181.200	182.500	183.100	183.400	184.200	184.800	184.800
"SYF"	"500"	16000.000	09/30/2018	0.200	718.223	0.000	-1859.000	9236.000	734.900	752.200	763.700	778.500	787.300	804.000	813.100	820.800
"SYK"	"500"	33000.000	09/30/2018	0.000	344.760	604.000	-674.000	2243.000	374.100	373.900	374.000	374.600	374.000	373.900	373.400	374.700
"SYMC"	"500"	11800.000	09/28/2018	0.800	632.815	165.000	321.000	1141.000	630.000	624.000	622.000	619.000	615.000	609.000	618.000	620.000
"SYY"	"500"	67000.000	09/29/2018	0.100	518.683	655.900	44.200	2347.000	520.857	521.301	521.833	521.284	527.290	534.128	539.292	545.133
"T"	"500"	269280.000	09/30/2018	0.000	7273.283	21586.000	-40245.000	41399.000	7284.000	6351.000	6161.000	6164.000	6162.000	6165.000	6166.000	6159.000
"TAP"	"500"	17200.000	09/30/2018	0.300	175.377	624.600	-221.200	2512.300	216.000	216.000	215.800	215.400	215.500	215.400	215.000	214.700
"TDG"	"500"	10100.000	09/30/2018	0.200	50.350	73.300	1422.500	1022.200	55.594	55.597	55.605	55.600	55.530	54.890	55.894	56.524
"TEL"	"500"	80000.000	09/28/2018	0.200	342.455	935.000	-370.000	2451.000	347.000	349.000	351.000	352.000	355.000	355.000	356.000	356.000
"TGT"	"500"	345000.000	11/03/2018	0.000	521.101	3357.000	-1900.000	6052.000	525.900	531.700	536.900	541.100	544.500	549.300	552.400	559.900
"TIF"	"500"	13100.000	10/31/2018	0.300	120.757	267.500	-202.400	658.200	122.300	123.200	124.400	124.500	124.400	124.500	124.600	124.500
"TJX"	"500"	249000.000	11/03/2018	0.000	1236.642	45.400	347.500	3574.000	1236.842	1246.852	1253.224	1259.470	1268.044	1278.254	1288.850	1298.700
"TMK"	"500"	3102.000	09/30/2018	1.300	109.630	34.200	-11.000	1280.500	112.588	113.350	114.179	115.052	115.921	116.647	117.771	121.237
"TMO"	"500"	70000.000	09/29/2018	0.100	401.827	689.200	352.700	4608.500	402.000	403.000	402.000	402.800	396.200	390.000	391.000	394.800
"TPR"	"500"	20800.000	09/29/2018	0.300	289.296	322.600	-468.600	1081.200	288.800	287.500	286.200	284.500	283.200	281.800	280.800	280.500
"TRIP"	"500"	3281.000	09/30/2018	0.500	106.018	59.000	-87.000	392.000	137.574	137.831	139.312	137.117	138.779	140.472	143.632	143.146
"TROW"	"500"	6946.000	09/30/2018	1.800	234.328	178.500	220.100	1363.100	242.800	242.200	244.300	242.700	240.300	239.800	242.100	242.800
"TRV"	"500"	30800.000	09/30/2018	0.100	263.631	0.000	-20.000	3709.000	266.100	268.700	271.000	272.700	274.100	277.500	279.700	282.400
"TSCO"	"500"	14000.000	09/29/2018	0.200	121.415	292.100	1.300	643.900	121.876	122.100	124.477	125.473	126.416	128.186	130.276	131.033
"TSN"	"500"	121000.000	09/29/2018	1.100	288.909	1200.000	-48.000	2963.000	362.000	365.000	366.000	366.000	366.000	366.000	365.000	367.000
"TSS"	"500"	11000.000	09/30/2018	0.300	179.199	40.000	78.100	964.400	182.355	182.186	182.061	182.337	183.917	183.775	183.613	183.008
"TTWO"	"500"	4492.000	09/30/2018	0.400	112.572	0.000	-485.200	55.600	113.735	112.941	114.240	113.712	111.222	107.877	100.332	90.428
"TWTR"	"500"	3372.000	09/30/2018	0.300	714.013	452.900	334.300	1205.800	756.537	752.351	747.697	741.930	736.515	730.069	722.048	714.228
"TXN"	"500"	29714.000	09/30/2018	0.100	958.287	1039.000	206.000	6973.000	969.000	977.000	983.000	985.000	988.000	994.000	998.000	1000.000
"TXT"	"500"	37000.000	09/29/2018	0.300	242.476	380.000	-1.000	1288.000	246.136	253.904	260.497	263.293	264.624	267.114	270.489	270.987
"UAA"	"500"	6900.000	09/30/2018	0.000	378.477	4.900	-90.100	379.100	894.140	889.252	443.052	441.836	886.206	885.049	884.394	438.274
"UAL"	"500"	90900.000	09/30/2018	0.100	271.564	3690.000	747.000	5808.000	272.400	274.700	283.900	290.400	299.800	306.900	313.700	314.600
"UDR"	"500"	1502.000	09/30/2018	1.000	264.842	1.400	6.100	536.600	267.727	267.311	267.546	267.276	267.056	266.972	266.790	266.505
"UHS"	"500"	76600.000	09/30/2018	0.100	83.110	28.100	18.900	1279.400	92.849	93.842	94.226	94.530	95.246	96.247	96.585	96.998
"ULTA"	"500"	13700.000	08/04/2018	1.000	56.667	389.200	144.200	947.400	60.070	60.610	60.890	61.299	61.935	62.101	62.201	62.371
"UNH"	"500"	260000.000	09/30/2018	0.500	954.929	2137.000	-6006.000	10740.000	962.000	961.000	966.000	970.000	968.000	964.000	954.000	952.000
"UNM"	"500"	9400.000	09/30/2018	0.000	217.795	136.200	144.100	1366.900	218.893	220.777	221.894	223.843	225.288	227.454	229.430	231.550
"UNP"	"500"	42057.000	09/30/2018	0.100	733.650	3287.000	-37.000	8206.000	737.400	760.500	776.400	783.400	794.500	804.100	811.500	819.200
"UPS"	"500"	454000.000	09/30/2018	0.000	689.703	6009.000	508.000	6483.000	865.000	866.000	866.000	868.000	869.000	872.000	874.000	877.000
"URI"	"500"	14800.000	09/30/2018	0.400	80.710	167.000	-259.000	2587.000	82.344	83.456	84.256	84.641	84.663	84.635	84.456	84.343
"USB"	"500"	72402.000	09/30/2018	0.100	1613.836	0.000	-458.000	7745.000	1629.000	1642.000	1652.000	1659.000	1672.000	1684.000	1694.000	1700.000
"UTX"	"500"	205000.000	09/30/2018	0.000	862.643	392.000	14488.000	6838.000	791.300	790.500	789.900	789.100	788.300	788.700	793.500	800.800
"V"	"500"	17000.000	09/30/2018	0.000	1742.118	718.000	-1712.000	12713.000	2221.301	2235.834	2249.834	2266.834	2271.834	2299.834	2317.834	2331.834
"VAR"	"500"	7174.000	09/28/2018	0.200	90.811	47.700	-211.400	454.900	91.200	91.500	91.500	91.600	91.900	91.700	93.000	93.500
"VFC"	"500"	69000.000	09/29/2018	0.200	394.273	63.800	-1190.800	1327.700	395.892	394.165	395.253	394.579	393.258	397.065	411.990	414.080
"VIAB"	"500"	10400.000	09/30/2018	0.100	362.399	178.000	168.000	1822.000	403.000	402.800	402.600	402.500	402.300	402.000	398.200	397.000
"VLO"	"500"	10015.000	09/30/2018	0.300	423.369	1608.000	-1625.000	4353.000	425.000	429.000	431.000	436.000	439.000	444.000	448.000	449.000
"VMC"	"500"	7900.000	09/30/2018	0.100	131.727	476.900	-203.700	665.600	132.392	132.449	132.690	132.522	132.484	132.497	132.636	132.566
"VNO"	"500"	3989.000	09/30/2018	0.000	172.176	207.600	-1491.700	753.500	190.245	190.211	190.081	189.901	189.593	189.395	189.210	189.014
"VRSK"	"500"	7079.000	09/30/2018	1.000	154.990	224.200	5.600	912.400	164.829	165.016	165.043	164.730	164.578	164.922	166.443	167.369
"VRSN"	"500"	952.000	09/30/2018	1.000	119.638	29.600	-55.200	678.500	121.682	113.936	97.250	98.192	99.614	101.060	102.467	104.058
"VRTX"	"500"	2300.000	09/30/2018	0.200	254.423	29.300	1157.700	1208.400	254.905	254.501	253.231	251.543	250.268	249.116	246.024	245.153
"VTR"	"500"	493.000	09/30/2018	0.300	355.105	122.200	-43.400	1373.600	356.318	356.228	356.112	355.974	355.929	355.024	354.410	353.982
"VZ"	"500"	152300.000	09/30/2018	0.000	4130.665	1421.000	-2005.000	34328.000	4136.000	4135.000	4104.000	4087.000	4084.000	4082.000	4082.000	4080.000
"WAT"	"500"	7000.000	09/29/2018	0.200	72.258	64.200	85.600	615.100	76.575	77.833	78.883	79.448	79.712	79.979	80.073	80.375
"WBA"	"500"	244000.000	08/31/2018	0.200	801.471	1367.000	-2516.000	8265.000	974.800	992.100	991.000	1006.100	1055.200	1077.100	1079.700	1082.100
"WCG"	"500"	8900.000	09/30/2018	0.200	49.724	123.300	-570.700	2.500	47.713	44.760	44.606	44.522	44.510	44.499	44.366	44.293
"WDC"	"500"	71600.000	09/28/2018	0.500	288.311	952.000	-2240.000	3777.000	292.000	300.000	298.000	296.000	295.000	291.000	289.000	286.000
"WEC"	"500"	8129.000	09/30/2018	0.100	314.936	2140.800	2.400	2341.100	315.500	315.500	315.500	315.600	315.600	315.600	315.600	315.600
"WELL"	"500"	392.000	09/30/2018	0.100	374.818	0.000	-142.800	1482.900	373.023	371.640	371.426	370.660	369.089	367.593	362.534	362.367
"WFC"	"500"	261700.000	09/30/2018	0.000	4702.170	0.000	-57597.000	21281.000	4784.000	4865.800	4885.700	4912.100	4948.600	4989.900	5008.600	5025.500
"WHR"	"500"	92000.000	09/30/2018	0.400	63.108	643.000	-102.000	682.000	64.500	69.100	71.200	71.500	72.900	74.000	74.800	75.200
"WLTW"	"500"	43000.000	09/30/2018	0.200	129.489	64.000	19.000	1063.000	131.000	132.000	133.000	132.000	134.000	136.000	137.000	137.000
"WM"	"500"	42300.000	09/30/2018	0.100	425.307	1768.000	119.000	3448.000	427.900	429.900	433.300	434.300	437.800	441.900	441.300	441.100
"WMB"	"500"	5425.000	09/30/2018	0.100	1208.928	16.000	-1130.000	2656.000	1023.587	827.868	827.509	826.933	826.779	826.426	824.548	750.955
"WMT"	"500"	2300000.000	10/31/2018	0.900	1400.442	10157.000	1903.000	28585.000	2924.000	2946.000	2950.000	2956.000	2981.000	3008.000	3035.000	3054.472
"WRK"	"500"	45100.000	09/30/2018	0.900	249.763	999.900	338.700	2420.900	254.900	256.100	256.100	255.000	254.300	252.100	251.200	251.200
"WU"	"500"	11500.000	09/30/2018	0.100	441.428	43.200	-264.200	831.200	446.800	457.200	460.300	459.800	462.800	469.400	479.800	483.600
"WY"	"500"	9300.000	09/30/2018	0.000	747.446	60.000	-149.000	1174.000	754.986	757.829	756.815	755.437	753.535	752.630	750.665	749.055
"WYNN"	"500"	25200.000	09/30/2018	0.000	98.081	102.600	-985.100	1097.000	108.064	107.792	102.570	102.404	102.173	101.944	101.753	101.511
"XEC"	"500"	910.000	09/30/2018	0.300	94.068	94.100	526.700	1540.900	93.845	93.802	93.721	93.571	93.501	93.466	93.389	93.853
"XEL"	"500"	11075.000	09/30/2018	0.000	512.735	3822.500	44.600	3251.800	510.000	509.600	509.000	510.596	508.581	508.500	508.300	508.656
"XLNX"	"500"	4014.000	09/29/2018	0.100	252.604	68.300	904.400	916.300	252.988	252.682	252.367	254.089	248.094	247.911	250.771	250.982
"XOM"	"500"	69600.000	09/30/2018	0.100	4229.891	17981.000	1403.000	34818.000	4271.000	4271.000	4270.000	4268.000	4271.000	4271.000	4223.000	4174.000
"XRAY"	"500"	16100.000	09/30/2018	0.200	221.012	5.500	-136.900	526.500	222.400	225.200	227.200	228.800	229.500	229.400	230.100	230.600
"XRX"	"500"	33200.000	09/30/2018	0.100	222.236	84.000	-638.000	706.000	251.290	254.895	254.660	254.587	254.510	254.193	254.038	253.544
"XYL"	"500"	16200.000	09/30/2018	0.100	178.620	222.000	121.000	695.000	179.700	179.000	179.900	179.600	179.600	179.600	179.600	179.400
"YUM"	"500"	60000.000	09/30/2018	0.000	311.822	-99999999.990	-99999999.990	-99999999.990	318.000	324.000	332.000	335.000	345.000	350.000	357.000	394.000
"ZBH"	"500"	18200.000	09/30/2018	0.100	203.565	161.400	43.800	1770.800	203.700	203.300	203.000	202.500	202.300	201.800	201.100	200.300
"ZION"	"500"	10083.000	09/30/2018	1.000	189.682	126.000	-24.000	950.000	192.973	195.583	196.722	198.625	200.332	201.822	202.347	202.880
"ZTS"	"500"	9200.000	09/30/2018	0.000	479.058	342.000	-695.000	1814.000	482.000	483.800	485.900	487.372	489.100	490.800	492.400	493.960
